17
17
13
2
6
7
4
3
1
20
10
16
16
18
8
3
19
1
14
21
12
4
9
14
9
14
14
20
1
1
17
17
5
5
5
17
17
17
1
5
5
13
13
13
13
13
1
1
1
13
13
21
21
10
10
10
10
21
21
21
13
13
13
12
12
12
12
20
20
2
2
20
6
20
2
20
6
6
20
20
20
2
5
5
5
3
3
12
12
12
12
21
21
21
2
6
6
20
3
15
20
15
3
3
15
15
15
20
22
3
20
15
3
3
22
3
3
22
3
3
3
11
2
2
16
16
16
16
2
15
6
6
6
10
6
14
14
14
14
1
14
20
10
10
10
10
8
8
8
8
8
8
8
8
8
8
8
8
19
17
17
17
17
18
18
18
18
0
0
0
0
0
18
19
5
19
19
19
4
5
19
19
8
8
12
18
13
13
18
4
11
11
7
7
7
11
11
7
11
4
4
4
4
18
12
4
4
12
4
4
4
19
19
7
17
17
1
17
1
16
16
10
9
0