39.981760 116.404000
39.981990 116.411000
39.976120 116.401600
39.978600 116.411200
39.978600 116.414400
39.982370 116.411100
39.976630 116.411400
39.986180 116.410900
39.978590 116.408300
39.981930 116.408400
39.982030 116.414400
39.984370 116.414300
39.985200 116.415200
39.985360 116.415400
39.985530 116.415400
39.986970 116.407200
39.986890 116.403400
39.986980 116.408900
39.986180 116.410900
39.977050 116.411000
39.977050 116.411600
39.976620 116.411300
39.982370 116.411000
39.985560 116.410900
39.985560 116.411000
39.986810 116.410800
39.986820 116.410900
39.977020 116.411100
39.977030 116.411500
39.985500 116.401600
39.985580 116.401500
39.985910 116.401600
39.985940 116.401700
39.985950 116.401800
39.985900 116.401800
39.986010 116.401900
39.986210 116.401700
39.986220 116.401600
39.986290 116.401600
39.986550 116.402600
39.986590 116.402700
39.986630 116.402600
39.986700 116.402500
39.986680 116.402700
39.986710 116.402600
39.986700 116.402500
39.986720 116.401700
39.986740 116.402200
39.986750 116.402300
39.986760 116.401900
39.986780 116.402200
39.986790 116.403200
39.986780 116.402600
39.986800 116.403000
39.986850 116.402100
39.986860 116.402400
39.986880 116.403200
39.986890 116.403600
39.986900 116.407000
39.986900 116.402500
39.986980 116.402400
39.986990 116.402600
39.986960 116.406800
39.978580 116.408700
39.978600 116.411300
39.981670 116.403900
39.981830 116.408400
39.981900 116.411000
39.981900 116.411200
39.981950 116.414400
39.981990 116.411200
39.986630 116.410800
39.986630 116.411000
39.980510 116.401500
39.980680 116.401500
39.980860 116.401500
39.986460 116.415400
39.984160 116.411000
39.985900 116.401700
39.985960 116.402000
39.986470 116.402600
39.986830 116.402500
39.978130 116.415200
39.978150 116.414900
39.978250 116.414700
39.978430 116.414500
39.984390 116.411100
39.986640 116.410600
39.986650 116.411100
39.986720 116.410700
39.986730 116.411000
39.986760 116.410900
39.986420 116.416400
39.986440 116.417500
39.986510 116.417500
39.986690 116.416400
39.986700 116.416600
39.986730 116.417300
39.986730 116.417500
39.986820 116.417300
39.986830 116.417500
39.986840 116.416300
39.986850 116.416600
39.986900 116.416300
39.986910 116.416600
39.986950 116.416600
39.986960 116.416700
39.986960 116.417000
39.986260 116.414000
39.986270 116.415100
39.986770 116.414000
39.986770 116.414400
39.986780 116.415100
39.976010 116.410900
39.986270 116.408200
39.986990 116.408200
39.986300 116.406800
39.986260 116.407100
39.986700 116.408200
39.986290 116.406900
39.986270 116.408100
39.979120 116.417600
39.986730 116.417500
39.986470 116.416900
39.986480 116.417400
39.986490 116.416700
39.986530 116.417100
39.986540 116.417400
39.986550 116.416700
39.986570 116.417400
39.978770 116.417700
39.986500 116.417300
39.986570 116.417300
39.985960 116.417800
39.986220 116.417800
39.986330 116.417800
39.977850 116.401500
39.977850 116.401900
39.978020 116.401900
39.978020 116.401500
39.978020 116.401500
39.978020 116.402000
39.978170 116.402000
39.978180 116.401500
39.978280 116.401500
39.978280 116.402100
39.978380 116.402100
39.978380 116.401500
39.978610 116.401500
39.978610 116.402100
39.978700 116.402100
39.978700 116.401500
39.978960 116.401500
39.978950 116.402100
39.979050 116.402100
39.979060 116.401500
39.979270 116.401500
39.979270 116.402100
39.979370 116.402100
39.979380 116.401500
39.980030 116.401500
39.980020 116.401700
39.979620 116.401700
39.979620 116.401500
39.980540 116.401600
39.980540 116.401700
39.980150 116.401700
39.980150 116.401600
39.981290 116.401600
39.981290 116.401700
39.980750 116.401700
39.980750 116.401600
39.980760 116.401700
39.980760 116.402400
39.980640 116.402400
39.980640 116.401700
39.980610 116.402500
39.980610 116.402900
39.980700 116.402900
39.980710 116.402500
39.981260 116.401800
39.981270 116.403400
39.981400 116.403400
39.981390 116.401800
39.981070 116.402500
39.981090 116.403000
39.980910 116.403000
39.980910 116.402900
39.980850 116.402900
39.980850 116.402700
39.980900 116.402700
39.980890 116.402600
39.981010 116.403000
39.981010 116.403300
39.980830 116.403200
39.980820 116.403000
39.980850 116.403000
39.980850 116.403000
39.980270 116.402100
39.980260 116.402900
39.980360 116.402900
39.980370 116.402100
39.980050 116.401900
39.980030 116.402800
39.979930 116.402700
39.979940 116.401900
39.979700 116.401900
39.979690 116.402600
39.979580 116.402600
39.979590 116.401900
39.979380 116.402300
39.979380 116.402500
39.979300 116.402500
39.979300 116.402400
39.979210 116.402400
39.979210 116.402400
39.979110 116.402400
39.979110 116.402400
39.979020 116.402400
39.979020 116.402400
39.978960 116.402400
39.978960 116.402300
39.978900 116.402300
39.978900 116.402300
39.978830 116.402300
39.978830 116.402100
39.978900 116.402100
39.978910 116.402200
39.979120 116.402200
39.979120 116.402200
39.979200 116.402200
39.979210 116.402300
39.979290 116.402300
39.979290 116.402300
39.976340 116.403100
39.976350 116.404100
39.976120 116.404100
39.976110 116.403100
39.976400 116.402400
39.976400 116.402900
39.976520 116.402900
39.976520 116.402400
39.976420 116.402900
39.976430 116.403300
39.976530 116.403300
39.976520 116.402900
39.976420 116.403500
39.976410 116.404000
39.976670 116.404000
39.976680 116.403800
39.976540 116.403800
39.976550 116.403500
39.976140 116.402400
39.976140 116.402900
39.976220 116.402900
39.976230 116.402400
39.976440 116.401900
39.976440 116.402000
39.976470 116.402000
39.976480 116.402200
39.976620 116.402200
39.976620 116.402100
39.976600 116.402100
39.976590 116.401900
39.981450 116.408600
39.981460 116.408800
39.981530 116.408800
39.981600 116.408900
39.981610 116.409400
39.981730 116.409400
39.981720 116.408900
39.981650 116.408900
39.981650 116.408800
39.981600 116.408700
39.981540 116.408700
39.981540 116.408600
39.981350 116.408600
39.981350 116.408800
39.981310 116.408800
39.981330 116.409400
39.981200 116.409400
39.981190 116.408800
39.981230 116.408800
39.981230 116.408600
39.980600 116.408600
39.980610 116.408800
39.980570 116.408800
39.980590 116.409400
39.980470 116.409400
39.980450 116.408800
39.980470 116.408800
39.980470 116.408600
39.980700 116.408600
39.980700 116.408800
39.980790 116.408800
39.980850 116.408900
39.980860 116.409400
39.980980 116.409400
39.980970 116.408800
39.980900 116.408800
39.980900 116.408800
39.980850 116.408700
39.980790 116.408700
39.980790 116.408600
39.982230 116.401600
39.982170 116.401800
39.982270 116.401800
39.982270 116.402100
39.982070 116.402300
39.981980 116.402200
39.981930 116.402300
39.982020 116.402400
39.982010 116.402500
39.982110 116.402500
39.982110 116.402400
39.982310 116.402200
39.982510 116.402400
39.982510 116.402500
39.982620 116.402500
39.982620 116.402400
39.982820 116.402300
39.982900 116.402300
39.982960 116.402200
39.982870 116.402100
39.982870 116.401900
39.982960 116.401800
39.982920 116.401700
39.982820 116.401700
39.982730 116.401600
39.982680 116.401800
39.982770 116.401800
39.982770 116.402100
39.982570 116.402300
39.982370 116.402100
39.982370 116.401800
39.982470 116.401800
39.982420 116.401600
39.982320 116.401700
39.986060 116.402500
39.986430 116.403000
39.986230 116.403200
39.985870 116.402800
39.986370 116.403400
39.986370 116.404000
39.986620 116.404000
39.986620 116.403400
39.985480 116.402100
39.985590 116.402600
39.985320 116.402600
39.985300 116.402100
39.985220 116.402100
39.985250 116.402600
39.985140 116.402600
39.985140 116.402700
39.985680 116.402800
39.985680 116.402600
39.985570 116.402000
39.985480 116.402000
39.984940 116.401700
39.984940 116.401800
39.985040 116.401900
39.984980 116.402000
39.984880 116.401900
39.984690 116.402100
39.984680 116.402200
39.984580 116.402200
39.984580 116.402100
39.984400 116.401900
39.984300 116.402000
39.984250 116.401900
39.984340 116.401800
39.984350 116.401600
39.984450 116.401700
39.984450 116.401800
39.984650 116.401900
39.984830 116.401800
39.984840 116.401700
39.981960 116.402800
39.981950 116.403400
39.982060 116.403400
39.982070 116.402800
39.982320 116.402800
39.982300 116.403400
39.982410 116.403400
39.982420 116.402800
39.982250 116.403200
39.982250 116.403400
39.982130 116.403400
39.982130 116.403200
39.981930 116.403500
39.981930 116.403800
39.982300 116.404000
39.982370 116.403900
39.982040 116.403700
39.982020 116.403700
39.981990 116.403700
39.981990 116.403500
39.982380 116.403900
39.982330 116.404000
39.982580 116.404200
39.982960 116.404200
39.982960 116.404100
39.982600 116.404000
39.982700 116.402800
39.982690 116.403400
39.982830 116.403400
39.982840 116.402800
39.985450 116.404500
39.985480 116.405900
39.985800 116.405900
39.985810 116.406100
39.986130 116.406100
39.986100 116.404600
39.985760 116.404700
39.985760 116.404400
39.976470 116.404100
39.976440 116.404700
39.976580 116.404700
39.976610 116.404100
39.976410 116.404800
39.976420 116.405000
39.976500 116.405000
39.976500 116.405100
39.976590 116.405100
39.976590 116.405400
39.976680 116.405400
39.976680 116.405500
39.976770 116.405500
39.976780 116.405800
39.976910 116.405800
39.976910 116.405500
39.976810 116.405500
39.976810 116.405400
39.976730 116.405400
39.976730 116.405100
39.976640 116.405100
39.976640 116.404900
39.976550 116.405000
39.976550 116.404800
39.976820 116.404200
39.976810 116.404700
39.976940 116.404700
39.976960 116.404200
39.978790 116.402400
39.980350 116.403100
39.978780 116.402600
39.979360 116.402800
39.979320 116.403000
39.978740 116.402700
39.977790 116.402300
39.978410 116.402500
39.978420 116.402800
39.978190 116.402800
39.977710 116.402700
39.978280 116.402800
39.978290 116.403400
39.978400 116.403400
39.978410 116.403600
39.978150 116.403600
39.978140 116.402800
39.977850 116.402900
39.977860 116.403600
39.977960 116.403600
39.977950 116.402900
39.977540 116.402900
39.977550 116.403700
39.977640 116.403700
39.977630 116.402900
39.977930 116.403800
39.977960 116.405000
39.978090 116.405000
39.978060 116.403800
39.977690 116.403800
39.977730 116.405000
39.977610 116.405000
39.977570 116.403800
39.978290 116.404000
39.978310 116.405000
39.978430 116.405000
39.978410 116.404000
39.978310 116.405100
39.978330 116.406200
39.978460 116.406200
39.978440 116.405100
39.977950 116.405200
39.977980 116.406200
39.978120 116.406200
39.978090 116.405100
39.977730 116.405200
39.977760 116.406200
39.977630 116.406200
39.977600 116.405200
39.976760 116.403800
39.976750 116.404000
39.977000 116.404000
39.977010 116.403800
39.977270 116.402100
39.977270 116.402300
39.976780 116.402400
39.976780 116.402100
39.977170 116.404200
39.977180 116.404800
39.977320 116.404800
39.977310 116.404200
39.977020 116.404900
39.977030 116.405400
39.977190 116.405400
39.977180 116.404900
39.977150 116.405400
39.977160 116.405800
39.977300 116.405800
39.977280 116.405400
39.976060 116.405900
39.976060 116.405800
39.976020 116.405800
39.976020 116.405700
39.976250 116.405200
39.976250 116.405600
39.976340 116.405600
39.976340 116.405700
39.976430 116.405800
39.976430 116.406000
39.976560 116.406000
39.976560 116.405800
39.976470 116.405800
39.976470 116.405600
39.976380 116.405600
39.976390 116.405400
39.976360 116.405400
39.976360 116.405300
39.976320 116.405300
39.976320 116.405300
39.976300 116.405300
39.976300 116.405200
39.976060 116.405300
39.976060 116.405000
39.976100 116.405000
39.976090 116.404900
39.976020 116.405600
39.976010 116.405300
39.976150 116.406100
39.976160 116.406700
39.976250 116.406700
39.976250 116.406100
39.976430 116.406100
39.976440 116.406700
39.976530 116.406700
39.976530 116.406100
39.976830 116.406000
39.976830 116.406200
39.976790 116.406200
39.976790 116.406400
39.976920 116.406400
39.976920 116.406200
39.976960 116.406200
39.976960 116.406000
39.976760 116.406500
39.976760 116.406900
39.976890 116.406900
39.976890 116.406500
39.977160 116.406500
39.977160 116.406700
39.977120 116.406700
39.977120 116.406900
39.977260 116.406900
39.977260 116.406700
39.977310 116.406700
39.977300 116.406500
39.977760 116.406500
39.977760 116.406700
39.977720 116.406700
39.977720 116.406900
39.977870 116.406900
39.977870 116.406700
39.977900 116.406700
39.977900 116.406500
39.977040 116.407000
39.977040 116.407200
39.977130 116.407200
39.977130 116.408000
39.977050 116.408000
39.977050 116.408100
39.977260 116.408100
39.977250 116.407000
39.976520 116.406800
39.976520 116.407500
39.976620 116.407500
39.976620 116.406800
39.976210 116.406800
39.976210 116.407300
39.976340 116.407300
39.976330 116.406800
39.976250 116.407700
39.976250 116.408500
39.976350 116.408500
39.976350 116.407700
39.976590 116.407700
39.976590 116.408400
39.976680 116.408400
39.976670 116.407700
39.976970 116.408300
39.976970 116.408900
39.977080 116.408900
39.977090 116.408300
39.977180 116.409000
39.977170 116.409700
39.977290 116.409800
39.977300 116.409000
39.976850 116.409000
39.976850 116.409200
39.976980 116.409200
39.976980 116.409000
39.976860 116.409200
39.976850 116.409700
39.976950 116.409700
39.976960 116.409200
39.976140 116.410900
39.976260 116.410900
39.976440 116.410400
39.976440 116.410100
39.976900 116.410500
39.976900 116.410900
39.976360 116.411000
39.976680 116.410500
39.977130 116.410300
39.977150 116.410800
39.977250 116.410800
39.977240 116.410300
39.977450 116.410200
39.977460 116.410800
39.977570 116.410800
39.977560 116.410200
39.978190 116.410200
39.978190 116.410700
39.978050 116.410700
39.978050 116.410900
39.978300 116.410900
39.978290 116.410200
39.978170 116.409800
39.978180 116.410200
39.977950 116.410200
39.977940 116.409800
39.977810 116.410400
39.977810 116.410700
39.977900 116.410700
39.977910 116.410400
39.977910 116.410700
39.977910 116.410900
39.977640 116.410900
39.977630 116.410800
39.977510 116.410800
39.977520 116.410900
39.977240 116.410900
39.977240 116.410800
39.977520 116.409900
39.977530 116.410100
39.977350 116.410100
39.977340 116.409900
39.976860 116.409900
39.976870 116.410200
39.976700 116.410200
39.976690 116.409900
39.976590 116.408600
39.976590 116.409000
39.976720 116.409000
39.976720 116.408600
39.976360 116.409200
39.976360 116.409700
39.976500 116.409700
39.976500 116.409200
39.976690 116.409500
39.976700 116.409700
39.976530 116.409700
39.976530 116.409500
39.976260 116.408600
39.976260 116.409000
39.976380 116.409000
39.976390 116.408600
39.976040 116.409300
39.976040 116.409700
39.976270 116.409700
39.976270 116.409300
39.976940 116.407600
39.976940 116.408200
39.977070 116.414200
39.978170 116.408200
39.978770 116.416800
39.979090 116.416800
39.979210 116.415800
39.978410 116.415800
39.978410 116.415200
39.986400 116.411100
39.982170 116.407000
39.982010 116.404400
39.982790 116.404900
39.982440 116.406900
39.982120 116.405800
39.982290 116.404600
39.983040 116.405000
39.982500 116.405700
39.982240 116.404800
39.982410 116.406000
39.982570 116.406900
39.982080 116.404800
39.982810 116.405500
39.982090 116.404600
39.982050 116.407000
39.981960 116.404400
39.982740 116.405100
39.981980 116.405800
39.982910 116.405000
39.982150 116.406100
39.982250 116.404500
39.982090 116.404800
39.982360 116.405700
39.982030 116.406100
39.981960 116.404800
39.981950 116.404800
39.982470 116.405100
39.982190 116.404700
39.982330 116.405100
39.982560 116.406000
39.982930 116.405600
39.984500 116.412000
39.984500 116.413800
39.984510 116.414000
39.984520 116.411400
39.984520 116.412700
39.984530 116.411700
39.984540 116.412900
39.984550 116.414000
39.984550 116.414200
39.984570 116.413600
39.984630 116.412100
39.984650 116.412700
39.984650 116.413800
39.984650 116.414100
39.984660 116.413000
39.984680 116.413600
39.984690 116.412000
39.984690 116.412100
39.984690 116.414100
39.984690 116.414200
39.984710 116.412900
39.984710 116.411400
39.984710 116.413000
39.984720 116.411700
39.984870 116.414300
39.984870 116.414600
39.984880 116.413600
39.984880 116.413800
39.984920 116.413800
39.984920 116.414300
39.985010 116.414400
39.985010 116.414600
39.985010 116.413600
39.985010 116.413800
39.985050 116.413800
39.985050 116.414400
39.985080 116.411400
39.985090 116.411700
39.985100 116.412800
39.985110 116.413200
39.985140 116.415600
39.985140 116.415900
39.985160 116.416300
39.985160 116.416600
39.985270 116.411400
39.985270 116.411700
39.985280 116.412100
39.985290 116.412400
39.985330 116.413500
39.985330 116.413900
39.985420 116.412800
39.985430 116.413200
39.985440 116.415600
39.985450 116.415900
39.985450 116.416300
39.985460 116.416600
39.985590 116.412100
39.985590 116.414700
39.985600 116.412400
39.985600 116.415100
39.985610 116.415900
39.985620 116.416300
39.985650 116.413500
39.985650 116.413900
39.985650 116.411400
39.985660 116.411700
39.985690 116.414700
39.985690 116.414800
39.985690 116.414900
39.985700 116.415100
39.985740 116.414100
39.985750 116.414500
39.985750 116.414700
39.985750 116.414800
39.985770 116.414900
39.985770 116.414900
39.985830 116.411400
39.985840 116.411700
39.985860 116.414700
39.985860 116.414800
39.985880 116.414900
39.985880 116.414900
39.985880 116.415900
39.985890 116.416300
39.985940 116.414900
39.985950 116.415200
39.986040 116.414800
39.986040 116.415200
39.986070 116.414100
39.986080 116.414400
39.986200 116.411300
39.986210 116.411600
39.986290 116.412600
39.986290 116.413000
39.986390 116.411300
39.986390 116.411600
39.986410 116.411900
39.986420 116.412300
39.986460 116.413200
39.986470 116.413600
39.986610 116.412600
39.986610 116.413000
39.986740 116.411900
39.986750 116.412300
39.986780 116.413200
39.986790 116.413600
39.983780 116.404700
39.983790 116.405000
39.984670 116.405100
39.984670 116.405400
39.984800 116.405100
39.984810 116.405400
39.984820 116.404700
39.984820 116.404900
39.984830 116.405200
39.984840 116.405400
39.985210 116.405200
39.985220 116.405400
39.985220 116.405200
39.985230 116.405800
39.985340 116.405200
39.985360 116.405800
39.978900 116.415200
39.978910 116.415000
39.979260 116.414500
39.978650 116.414500
39.978500 116.414500
39.978370 116.414700
39.978300 116.414800
39.978230 116.415000
39.978250 116.416400
39.979270 116.416400
39.981950 116.414400
39.979320 116.414500
39.979370 116.416300
39.980890 116.416400
39.979160 116.416400
39.978080 116.414300
39.977090 116.414300
39.977100 116.415300
39.978090 116.415300
39.977110 116.416500
39.978090 116.416500
39.976730 116.413200
39.976920 116.413400
39.976980 116.414200
39.977010 116.416500
39.976690 116.416600
39.976630 116.416900
39.978530 116.402500
39.977810 116.402200
39.977620 116.402800
39.977450 116.402800
39.977470 116.403700
39.978520 116.403700
39.976690 116.403700
39.976660 116.403300
39.976420 116.403400
39.976380 116.402900
39.976410 116.402100
39.976410 116.401700
39.977700 116.402100
39.980530 116.403200
39.980550 116.401900
39.979570 116.402800
39.980450 116.405200
39.981010 116.405400
39.981100 116.405500
39.981730 116.405400
39.983780 116.408400
39.984070 116.408600
39.984110 116.408800
39.984160 116.410900
39.983780 116.414300
39.983790 116.416100
39.982750 116.416200
39.982770 116.414300
39.983300 116.411100
39.983260 116.413100
39.982020 116.413200
39.979130 116.406800
39.978210 116.406800
39.978240 116.408300
39.979130 116.408200
39.979200 116.415000
39.983940 116.408400
39.979240 116.408300
39.981740 116.413600
39.981740 116.414200
39.981850 116.414200
39.981850 116.413600
39.981380 116.413600
39.981380 116.414200
39.981500 116.414200
39.981500 116.413600
39.981050 116.413600
39.981050 116.414200
39.981160 116.414200
39.981160 116.413600
39.980730 116.413600
39.980730 116.414200
39.980850 116.414200
39.980850 116.413600
39.981820 116.412700
39.981840 116.413400
39.981720 116.413400
39.981710 116.412700
39.981480 116.412800
39.981500 116.413400
39.981380 116.413400
39.981370 116.412800
39.981040 116.412800
39.981050 116.413400
39.981160 116.413400
39.981150 116.412800
39.980790 116.412800
39.980810 116.413400
39.980720 116.413400
39.980700 116.412800
39.981790 116.412400
39.981790 116.412600
39.980700 116.412600
39.980690 116.412400
39.980560 116.408300
39.979270 116.409500
39.978660 116.409500
39.985490 116.401600
39.985470 116.402800
39.985110 116.402800
39.985100 116.401600
39.983880 116.403200
39.983570 116.403200
39.983430 116.403100
39.983120 116.402900
39.982920 116.402700
39.982050 116.402600
39.981730 116.402600
39.986220 116.405100
39.986840 116.405000
39.986780 116.405000
39.986270 116.405000
39.986270 116.403900
39.986080 116.403600
39.986370 116.403300
39.986730 116.403200
39.983490 116.405000
39.983550 116.404800
39.983770 116.404000
39.983730 116.402400
39.983600 116.402000
39.983920 116.402900
39.985380 116.402900
39.985470 116.402900
39.986250 116.406700
39.986210 116.403900
39.984690 116.411200
39.984780 116.411200
39.984770 116.410600
39.984660 116.410600
39.983800 116.408000
39.983800 116.405200
39.978660 116.408500
39.979260 116.408500
39.978820 116.406700
39.978230 116.406700
39.978130 116.406700
39.977990 116.406700
39.977990 116.406300
39.978800 116.406300
39.978740 116.402500
39.978590 116.402500
39.986890 116.410600
39.986880 116.410400
39.986600 116.410400
39.986600 116.410500
39.986830 116.410500
39.986830 116.410600
39.985620 116.410700
39.985620 116.411000
39.986850 116.411000
39.986890 116.411600
39.986980 116.411600
39.986960 116.411200
39.986910 116.411200
39.986900 116.411000
39.985520 116.401500
39.985870 116.401900
39.985930 116.402000
39.985990 116.401900
39.985930 116.401800
39.985930 116.401600
39.985970 116.401500
39.976760 116.403200
39.976750 116.403600
39.976820 116.403600
39.976830 116.403200
39.976870 116.403100
39.976880 116.402500
39.977140 116.402400
39.976770 116.402400
39.976760 116.403100
39.977140 116.402500
39.977150 116.402500
39.977150 116.403600
39.977300 116.403600
39.977300 116.402500
39.977170 116.403700
39.977180 116.404000
39.977320 116.404000
39.977320 116.403700
39.979650 116.406300
39.979670 116.406700
39.979860 116.406700
39.979850 116.406300
39.979670 116.406000
39.979490 116.406000
39.979490 116.406100
39.979670 116.406100
39.979470 116.402700
39.981580 116.405500
39.981730 116.405500
39.981290 116.405500
39.981160 116.405400
39.981080 116.405300
39.981000 116.405200
39.980940 116.405000
39.980960 116.404800
39.981000 116.404700
39.981060 116.404500
39.981050 116.404400
39.981020 116.404200
39.981090 116.404100
39.981410 116.404100
39.981490 116.404200
39.981530 116.404200
39.981580 116.405400
39.981330 116.404800
39.981350 116.405400
39.981550 116.405400
39.981530 116.404800
39.980910 116.404800
39.980840 116.404700
39.980810 116.404700
39.980740 116.404700
39.980690 116.404800
39.980560 116.404700
39.980530 116.404800
39.980590 116.404900
39.980520 116.404900
39.980520 116.405000
39.980610 116.405000
39.980610 116.405000
39.980530 116.405000
39.980530 116.405100
39.980600 116.405100
39.980540 116.405100
39.980580 116.405200
39.980720 116.405100
39.980760 116.405200
39.980820 116.405200
39.980840 116.405200
39.980910 116.405100
39.980840 116.405000
39.980900 116.404800
39.981490 116.404200
39.981420 116.404200
39.981400 116.404200
39.981320 116.404200
39.981270 116.404300
39.981150 116.404200
39.981110 116.404300
39.981180 116.404300
39.981110 116.404300
39.981110 116.404400
39.981190 116.404400
39.981200 116.404500
39.981110 116.404500
39.981110 116.404600
39.981180 116.404600
39.981130 116.404600
39.981170 116.404700
39.981300 116.404600
39.981350 116.404700
39.981400 116.404600
39.981420 116.404700
39.981490 116.404600
39.981420 116.404400
39.981490 116.404200
39.980910 116.403700
39.980830 116.403600
39.980810 116.403700
39.980740 116.403600
39.980690 116.403700
39.980560 116.403700
39.980530 116.403700
39.980590 116.403800
39.980520 116.403800
39.980520 116.403900
39.980610 116.403900
39.980610 116.403900
39.980530 116.404000
39.980530 116.404000
39.980600 116.404000
39.980540 116.404100
39.980580 116.404200
39.980720 116.404100
39.980760 116.404100
39.980820 116.404100
39.980840 116.404100
39.980910 116.404100
39.980830 116.403900
39.980900 116.403700
39.979210 116.406200
39.979230 116.406600
39.979410 116.406600
39.979400 116.406200
39.979850 116.407500
39.979240 116.407500
39.979240 116.407300
39.979850 116.407300
39.980130 116.406300
39.980120 116.407800
39.980400 116.407800
39.980400 116.406300
39.981560 116.407300
39.981560 116.407600
39.981350 116.407600
39.981350 116.407300
39.980720 116.407300
39.980720 116.407500
39.980520 116.407500
39.980520 116.407300
39.980710 116.406300
39.980720 116.407100
39.980630 116.407100
39.980630 116.406300
39.980680 116.405400
39.980700 116.406200
39.980610 116.406200
39.980590 116.405400
39.981410 116.406600
39.981420 116.407000
39.981320 116.407000
39.981310 116.406600
39.981410 116.406300
39.981410 116.406500
39.981320 116.406500
39.981320 116.406300
39.981070 116.406300
39.981080 116.407100
39.980970 116.407100
39.980960 116.406300
39.981080 116.405400
39.981090 116.406200
39.980980 116.406200
39.980960 116.405500
39.981560 116.406000
39.981340 116.406000
39.981330 116.405700
39.981550 116.405700
39.981530 116.406200
39.981560 116.407100
39.981650 116.407000
39.981620 116.406200
39.982040 116.407000
39.982070 116.407500
39.982190 116.407500
39.982170 116.407000
39.982460 116.407000
39.982490 116.407600
39.982660 116.407600
39.982630 116.407000
39.983710 116.405500
39.983580 116.405400
39.983610 116.405300
39.983740 116.405400
39.983440 116.405300
39.983240 116.405200
39.983270 116.405100
39.983460 116.405200
39.983110 116.405100
39.983050 116.405400
39.983120 116.405400
39.983190 116.405100
39.983170 116.405500
39.983170 116.406100
39.983370 116.406100
39.983370 116.405500
39.983260 116.406500
39.983140 116.406500
39.983150 116.406400
39.983260 116.406400
39.983310 116.406300
39.983310 116.406400
39.983410 116.406400
39.983410 116.406300
39.983430 116.407000
39.983130 116.407000
39.983130 116.406900
39.983430 116.406900
39.982890 116.406400
39.982870 116.406900
39.982990 116.406900
39.983010 116.406400
39.982850 116.405900
39.982840 116.406400
39.982980 116.406400
39.982990 116.405900
39.984600 116.406200
39.984650 116.406200
39.984640 116.406700
39.984500 116.406700
39.984520 116.406200
39.984400 116.406200
39.984400 116.406100
39.984290 116.406100
39.984280 116.406000
39.984190 116.406100
39.984190 116.406000
39.984130 116.406000
39.984130 116.406300
39.984010 116.406300
39.984010 116.406000
39.983990 116.406000
39.983990 116.405700
39.984060 116.405700
39.984250 116.405900
39.984300 116.405900
39.984300 116.405900
39.984410 116.405900
39.984400 116.406000
39.984500 116.406000
39.984500 116.406100
39.984580 116.406100
39.983540 116.405500
39.983540 116.406400
39.983680 116.406400
39.983680 116.405500
39.983520 116.406900
39.983510 116.407800
39.983670 116.407800
39.983680 116.406900
39.983950 116.407000
39.983950 116.407900
39.984070 116.407900
39.984060 116.407000
39.983970 116.406500
39.983970 116.407000
39.984120 116.407000
39.984130 116.406500
39.984310 116.407000
39.984300 116.407800
39.984440 116.407900
39.984450 116.407000
39.984660 116.407000
39.984650 116.407800
39.984770 116.407800
39.984780 116.407000
39.985020 116.406900
39.985010 116.407700
39.985140 116.407700
39.985140 116.406900
39.985510 116.406600
39.985540 116.406600
39.985540 116.406900
39.985430 116.406900
39.985430 116.406600
39.985310 116.406700
39.985310 116.406600
39.985200 116.406600
39.985190 116.406500
39.985100 116.406500
39.985100 116.406500
39.985040 116.406500
39.985040 116.406800
39.984920 116.406800
39.984920 116.406400
39.984900 116.406400
39.984900 116.406200
39.984980 116.406200
39.985170 116.406300
39.985220 116.406300
39.985210 116.406400
39.985320 116.406400
39.985310 116.406500
39.985420 116.406500
39.985420 116.406500
39.985490 116.406500
39.984920 116.402300
39.984910 116.402500
39.984790 116.402500
39.984800 116.402300
39.984690 116.402300
39.984680 116.402500
39.984570 116.402500
39.984570 116.402300
39.984480 116.402300
39.984480 116.402500
39.984440 116.402500
39.984440 116.402700
39.984540 116.402700
39.984540 116.402600
39.984660 116.402600
39.984660 116.402700
39.984900 116.402700
39.984970 116.402700
39.984970 116.402600
39.985010 116.402600
39.985010 116.402300
39.983630 116.402700
39.983480 116.402700
39.983640 116.402500
39.983380 116.401900
39.983380 116.402100
39.983510 116.402100
39.983510 116.401900
39.983820 116.402300
39.983870 116.402300
39.983750 116.401900
39.983750 116.401600
39.983820 116.402000
39.983880 116.401600
39.983860 116.402600
39.984010 116.402700
39.984030 116.401600
39.983580 116.403000
39.983410 116.403000
39.983420 116.402700
39.983590 116.402700
39.983490 116.402500
39.983270 116.402500
39.983290 116.402200
39.983510 116.402200
39.983370 116.401900
39.983160 116.401900
39.983180 116.401600
39.983380 116.401600
39.985990 116.404100
39.985670 116.404100
39.985670 116.403900
39.985990 116.403900
39.985700 116.403700
39.985450 116.403700
39.985450 116.403500
39.985720 116.403500
39.984490 116.403300
39.984270 116.403300
39.984270 116.403100
39.984500 116.403100
39.984890 116.403700
39.984680 116.403700
39.984670 116.403500
39.984890 116.403400
39.985330 116.403400
39.985070 116.403300
39.985080 116.403100
39.985340 116.403100
39.983290 116.403600
39.983290 116.404700
39.983500 116.404700
39.983500 116.403600
39.983060 116.403600
39.983050 116.404000
39.983150 116.404000
39.983160 116.403600
39.983130 116.403400
39.982860 116.403400
39.982860 116.403200
39.983130 116.403200
39.983740 116.403500
39.983280 116.403400
39.983280 116.403300
39.983740 116.403300
39.978550 116.403700
39.976720 116.411700
39.976620 116.411700
39.976600 116.411700
39.976590 116.411800
39.976600 116.412300
39.976730 116.412300
39.976750 116.412400
39.976610 116.412400
39.976610 116.412600
39.976650 116.412600
39.976650 116.412700
39.976700 116.412700
39.976710 116.412800
39.976850 116.412800
39.976840 116.412700
39.976810 116.412700
39.976810 116.412500
39.976760 116.412500
39.976940 116.412900
39.976810 116.412900
39.976810 116.413100
39.976850 116.413100
39.976840 116.413200
39.976890 116.413200
39.976900 116.413300
39.977040 116.413300
39.977040 116.413200
39.977000 116.413200
39.977000 116.413000
39.976950 116.413000
39.977090 116.411700
39.976880 116.411700
39.976880 116.411800
39.977030 116.411700
39.977030 116.411900
39.977090 116.411900
39.977100 116.412000
39.976970 116.412000
39.976970 116.411900
39.976880 116.411900
39.976890 116.412100
39.976850 116.412100
39.976850 116.412300
39.976950 116.412500
39.977100 116.412400
39.976790 116.411700
39.976720 116.411700
39.976720 116.411900
39.976790 116.411900
39.976800 116.412000
39.976730 116.412000
39.976800 116.412300
39.977130 116.411500
39.977120 116.413100
39.981990 116.411300
39.981900 116.411300
39.980280 116.410800
39.980300 116.411400
39.978600 116.411400
39.976840 116.411500
39.976850 116.412300
39.976570 116.412300
39.976560 116.411800
39.976850 116.412000
39.976940 116.412100
39.976950 116.412400
39.976850 116.412400
39.977030 116.412000
39.977040 116.412300
39.976870 116.412400
39.978590 116.411000
39.981890 116.410800
39.981990 116.410800
39.984160 116.410700
39.984230 116.411200
39.976300 116.411900
39.976300 116.412400
39.976340 116.412800
39.976050 116.412700
39.976010 116.413000
39.976340 116.413000
39.976520 116.412000
39.976400 116.412000
39.976400 116.412300
39.976490 116.412300
39.976480 116.412100
39.976520 116.412100
39.986390 116.410000
39.986430 116.410200
39.986650 116.410100
39.986320 116.407200
39.986730 116.410300
39.986510 116.410000
39.986480 116.407800
39.986560 116.410300
39.986810 116.410000
39.986610 116.408000
39.986480 116.410300
39.986600 116.410100
39.986780 116.410200
39.986600 116.407800
39.986390 116.410100
39.986690 116.410000
39.986470 116.407200
39.986660 116.410300
39.986540 116.410100
39.986340 116.408000
39.986820 116.410100
39.978570 116.406100
39.979410 116.406100
39.979430 116.405900
39.979690 116.405900
39.979720 116.406100
39.980400 116.406200
39.980320 116.403400
39.980330 116.403200
39.981630 116.405500
39.983220 116.413200
39.984320 116.413200
39.983330 116.411200
39.982010 116.413100
39.981480 116.405500
39.980430 116.403300
39.981570 116.404000
39.984210 116.417700
39.984520 116.417700
39.985280 116.417700
39.986350 116.417700
39.986470 116.417700
39.986510 116.403000
39.986510 116.403100
39.986480 116.403200
39.986440 116.403200
39.986380 116.403300
39.986300 116.403300
39.986170 116.403300
39.985800 116.402800
39.985760 116.402700
39.985740 116.402600
39.985740 116.402400
39.985780 116.402400
39.985850 116.402300
39.985920 116.402300
39.986000 116.402300
39.986500 116.402900
39.986690 116.403400
39.986610 116.403300
39.986540 116.403300
39.986430 116.403300
39.986350 116.403400
39.986300 116.403500
39.986320 116.404100
39.986370 116.404200
39.986450 116.404200
39.986560 116.404200
39.986640 116.404200
39.986680 116.404100
39.986720 116.404000
39.986650 116.405200
39.986410 116.405300
39.986410 116.405400
39.986660 116.405600
39.986680 116.405800
39.986440 116.405900
39.986440 116.406000
39.986690 116.406100
39.986640 116.406300
39.986400 116.406400
39.986400 116.406500
39.986650 116.406600
39.986780 116.405100
39.986300 116.405100
39.986350 116.406700
39.986820 116.406900
39.986100 116.404200
39.983930 116.403800
39.983170 116.403500
39.982630 116.403400
39.981840 116.401500
39.984990 116.401600
39.985040 116.402800
39.985460 116.403000
39.986140 116.404000
39.983160 116.404700
39.983440 116.404900
39.982820 116.403500
39.982860 116.402700
39.983270 116.403100
39.982630 116.402800
39.981840 116.402500
39.982530 116.402800
39.981860 116.402700
39.981860 116.403400
39.982550 116.403400
39.983110 116.403500
39.981860 116.403400
39.981860 116.403900
39.983110 116.404700
39.983120 116.405000
39.983010 116.405600
39.983030 116.405800
39.983010 116.408000
39.983760 116.408000
39.983760 116.405300
39.983090 116.404900
39.982950 116.405800
39.982990 116.405800
39.982770 116.407900
39.982760 116.408400
39.982010 116.408300
39.981860 116.404400
39.981960 116.404200
39.982970 116.408000
39.983710 116.408500
39.982710 116.408500
39.982720 116.409100
39.983720 116.409100
39.985350 116.409000
39.984190 116.408900
39.984180 116.408000
39.985310 116.408000
39.985330 116.408300
39.985380 116.408400
39.985380 116.408700
39.985300 116.408700
39.985300 116.408800
39.985370 116.408800
39.986170 116.408200
39.986190 116.409300
39.985580 116.409300
39.985560 116.409000
39.985380 116.409000
39.985420 116.408400
39.986040 116.408500
39.986090 116.408300
39.985370 116.409100
39.985510 116.409100
39.985550 116.409900
39.985480 116.409900
39.985480 116.410600
39.984220 116.410600
39.984180 116.409000
39.984120 116.408000
39.985340 116.407900
39.985410 116.408300
39.986440 116.409400
39.985560 116.409400
39.985560 116.409900
39.985520 116.409900
39.985530 116.410600
39.986370 116.410500
39.986320 116.410100
39.986480 116.409900
39.986900 116.408300
39.986190 116.408300
39.986100 116.408100
39.985410 116.408100
39.985450 116.409100
39.985550 116.409300
39.986930 116.409300
39.985610 116.406600
39.984780 116.406000
39.984770 116.406900
39.984180 116.406900
39.984180 116.406500
39.983900 116.406500
39.983900 116.407900
39.985610 116.407900
39.984680 116.406000
39.984050 116.405500
39.983880 116.405600
39.983860 116.406300
39.984330 116.406700
39.984710 116.406800
39.986910 116.407200
39.985780 116.406600
39.985670 116.406600
39.985680 116.407800
39.986910 116.408100
39.986120 116.404300
39.985380 116.404200
39.985430 116.406100
39.986140 116.406500
39.985270 116.404200
39.984000 116.403900
39.983650 116.404900
39.985330 116.405900
39.980880 116.401600
39.986940 116.408100
39.986940 116.408200
39.986940 116.408200
39.986960 116.409200
39.986970 116.408700
39.986950 116.408700
39.986320 116.408100
39.986150 116.407800
39.986150 116.408100
39.986190 116.408100
39.986090 116.408100
39.980690 116.401600
39.980560 116.403000
39.976820 116.416900
39.976440 116.417000
39.977120 116.417300
39.976660 116.417300
39.976660 116.417100
39.976820 116.417000
39.976820 116.417200
39.976960 116.417200
39.976960 116.416900
39.980380 116.402900
39.976390 116.401700
39.976070 116.401600
39.976020 116.401700
39.976030 116.402200
39.976390 116.402200
39.977730 116.401800
39.978830 116.402200
39.979510 116.402500
39.979600 116.402600
