16 0 117 0 78.03204469950727
117 0 977 0 11.180339887870097
977 0 984 0 287.271648444503
984 0 969 0 36.8917334908924
969 0 1 13 199.82242116480566
1 13 66 13 13.453624047330193
66 13 886 3 133.77593206520913
886 3 445 3 20.591260282160658
445 3 888 3 83.57032966284874
888 3 1042 3 14.14213562420042
1042 3 444 6 74.32361670432162
444 6 885 6 113.05308487576468
885 6 3 9 165.7226598867215
11 5 903 5 120.00416659405421
903 5 1518 5 10.04987562141209
1518 5 1452 2 180.0111107684869
1452 2 71 2 10.000000000331966
72 2 896 2 247.20234626672723
896 2 2 2 217.23029254684437
2 2 68 2 9.000000000014552
68 2 4 7 330.60550509658117
9 4 910 11 65.00000000002615
910 11 947 11 131.99999999997658
947 11 67 11 127.39309243494723
67 11 10 11 9.999999999621423
83 5 84 5 30.06659275631653
84 5 85 5 22.360679775740195
85 5 86 5 26.907248093604103
86 5 5 5 19.72308292323583
5 5 70 5 334.99999999975216
70 5 11 5 8.000000000407681
11 5 900 12 74.67261881046268
900 12 897 12 101.00000000008436
897 12 12 12 58.99999999954275
12 12 13 12 122.42957159132497
13 12 14 12 25.612496950315315
14 12 15 12 16.99999999971169
15 12 77 12 93.00000000038722
17 10 58 10 19.999999999242846
7 7 6 2 574.7834374791212
6 2 8 2 381.52457325786185
26 2 24 2 125.39936203975768
27 2 25 2 126.39620247482904
19 2 23 2 381.13121100163613
23 2 22 7 575.7820768317476
29 7 28 7 40.01249804738209
61 10 62 10 20.024984395144255
55 10 56 10 30.01666203919289
56 10 57 10 80.02499609478195
57 10 17 10 20.02498439517974
46 10 60 10 19.99999999995339
31 10 80 10 62.80127387260981
56 10 82 10 10.440306509297969
82 10 53 10 11.180339887552334
53 10 44 10 14.14213562319556
44 10 41 10 9.000000000014552
41 10 81 10 15.620499351312928
33 10 34 10 10.04987562006876
34 10 36 10 11.661903789858393
36 10 40 10 88.40814442196942
40 10 42 10 7.999999999697138
42 10 45 10 8.000000000407681
45 10 43 10 10.049875621482792
43 10 37 10 93.81364506276503
37 10 33 10 27.000000000043656
39 10 49 10 83.76156636526873
49 10 48 10 10.049875621482792
48 10 51 10 4.000000000559112
51 10 50 10 30.066592756363796
50 10 47 10 20.396078053598988
66 13 892 11 150.11995203906824
892 11 1044 11 10.000000000331966
1044 11 67 11 290.1723625706292
67 11 1469 2 240.07498828434584
1469 2 68 2 20.02498439517974
68 2 69 2 19.999999999242846
69 2 1453 2 10.000000000331966
1453 2 70 5 310.0403199588844
70 5 856 5 0.0
5 5 1456 7 300.00000000001137
1456 7 65 7 10.000000000331966
65 7 4 7 10.000000000331966
4 7 1468 7 20.024984393760427
1468 7 64 7 230.00217390329794
64 7 9 4 40.01249804738209
38 10 46 10 101.999999999942
46 10 52 10 70.57619995386324
52 10 962 10 180.0694310539866
962 10 59 0 200.08997975863468
59 0 16 0 21.18962010107357
76 3 75 3 18.000000000029104
75 3 74 3 16.99999999971169
30 10 38 10 72.00000000011642
12 12 1516 12 110.11357772712275
1516 12 1472 2 200.20239758899555
80 10 81 10 78.74642849077499
81 10 54 10 51.85556865012019
54 10 57 10 21.540659227722536
80 10 35 10 20.880613018391763
35 10 79 10 9.99999999891088
79 10 32 10 10.04987562141209
78 2 87 2 25.079872407628557
87 2 692 2 201.00000000056184
692 2 89 2 24.99999999940883
88 2 1471 2 248.20153101850804
1471 2 1470 2 217.23029254677897
1470 2 1469 2 10.000000000331966
1469 2 1468 7 330.6055050966671
89 2 91 2 12.806248475379597
91 2 92 2 10.440306509093796
92 2 90 2 20.396078053598988
90 2 88 2 12.806248474935725
63 0 16 0 40.01249804738209
16 0 116 2 100.01999799945497
71 2 2 2 19.999999999242846
2 2 1470 2 20.00000000066393
1470 2 10 11 240.0749882843636
10 11 1 13 440.32828662299033
1 13 960 13 140.03213916708958
78 2 73 2 246.99999999953093
95 12 1526 12 20.39607805373834
107 12 129 12 41.00000000022419
129 12 126 12 5.999999999772854
126 12 132 12 60.00833275385318
132 12 95 12 20.02498439517974
104 12 105 12 30.01666203919289
105 12 106 12 3.999999999848569
106 12 107 12 10.049875621482792
107 12 108 12 29.99999999957481
108 12 101 12 51.66236541273337
101 12 100 12 20.024984395144255
100 12 98 12 9.000000000014552
98 12 99 12 20.00000000066393
99 12 95 12 21.999999999877673
95 12 94 12 7.000000000090267
94 12 93 12 110.01818031660848
93 12 96 12 27.000000000043656
96 12 97 12 20.024984395144255
97 12 103 12 14.999999999787406
103 12 102 12 30.016662039169223
102 12 104 12 5.999999999772854
111 12 109 12 50.99999999984561
109 12 110 12 110.0045453600198
110 12 113 12 51.000000000556156
113 12 112 12 70.00714249223473
112 12 111 12 39.99999999990678
117 0 120 0 10.04987562006876
120 0 118 0 20.223748416743724
118 0 121 2 100.00499987547978
121 2 115 2 9.99999999891088
115 2 119 2 43.000000000148475
119 2 1688 2 23.999999999801958
1688 2 116 2 5.000000000165983
99 12 123 12 0.0
123 12 101 12 9.999999999621423
101 12 100 12 20.024984395144255
100 12 98 12 9.000000000014552
98 12 99 12 20.00000000066393
125 12 124 12 50.00999900044499
128 12 127 12 30.016662039169223
129 12 133 12 60.033324078362114
133 12 130 12 10.000000000331966
130 12 95 12 11.661903789858393
135 12 134 12 26.000000000436785
136 12 135 12 10.999999999938836
137 6 138 6 39.99999999990678
138 6 139 6 17.000000000422233
139 6 140 6 39.99999999990678
140 6 137 6 17.000000000422233
141 6 142 6 50.00000000023874
142 6 143 6 14.999999999787406
143 6 144 6 50.00999900044499
144 6 141 6 16.00000000010482
145 6 146 6 60.00000000057071
146 6 147 6 10.000000000331966
147 6 148 6 60.00000000057071
148 6 145 6 10.000000000331966
149 6 150 6 60.00000000057071
150 6 151 6 9.000000000014552
151 6 152 6 60.00000000057071
152 6 149 6 9.000000000014552
153 6 154 6 60.00833275528591
154 6 155 6 10.000000000331966
155 6 156 6 60.008332755274076
156 6 153 6 9.999999999621423
157 3 158 3 60.00000000057071
158 3 159 3 10.000000000331966
159 3 160 3 60.008332755274076
160 3 157 3 10.999999999938836
161 3 162 3 20.024984395144255
162 3 163 3 40.00000000061732
163 3 164 3 20.00000000066393
164 3 161 3 41.00000000022419
165 3 166 3 10.000000000331966
166 3 167 3 38.99999999958936
167 3 168 3 10.000000000331966
168 3 165 3 38.99999999958936
169 3 170 3 10.000000000331966
170 3 171 3 54.00000000008731
171 3 172 3 10.000000000331966
172 3 169 3 54.00000000008731
173 3 174 3 69.99999999948159
174 3 175 3 11.999999999545707
175 3 176 3 69.99999999948159
176 3 173 3 11.999999999545707
177 3 178 3 39.99999999990678
178 3 179 3 9.000000000014552
179 3 180 3 40.01249804739985
180 3 177 3 10.000000000331966
181 3 182 13 160.00312497053318
182 13 183 13 12.999999999863121
183 13 184 3 160.00312497053318
184 3 181 3 12.999999999863121
185 3 186 13 50.03998401302273
186 13 187 3 18.000000000029104
187 3 188 3 10.000000000331966
188 3 189 3 6.000000000483396
189 3 190 3 20.00000000066393
190 3 191 3 5.000000000165983
191 3 192 3 10.049875619998058
192 3 185 3 20.591260282160658
193 3 194 13 29.99999999957481
194 13 195 3 20.591260282160658
195 3 196 3 20.024984393724942
196 3 197 3 2.9999999995311555
197 3 198 3 0.0
198 3 193 3 16.00000000010482
199 3 200 3 80.0062497556871
200 3 201 3 9.999999999621423
201 3 202 3 80.00624975569599
202 3 199 3 10.000000000331966
203 3 204 3 90.022219479559
204 3 205 3 14.14213562369799
205 3 206 3 80.0062497556871
206 3 203 3 10.999999999938836
207 3 208 3 70.00714249365566
208 3 209 3 10.999999999938836
209 3 210 3 70.00714249365566
210 3 207 3 10.999999999938836
211 3 212 3 20.00000000066393
212 3 213 3 7.999999999697138
213 3 214 3 10.000000000331966
214 3 215 6 9.000000000014552
215 6 216 6 0.0
216 6 217 6 10.000000000331966
217 6 218 6 0.0
218 6 219 6 9.000000000014552
219 6 220 6 0.0
220 6 221 6 5.999999999772854
221 6 222 6 10.000000000331966
222 6 223 6 5.999999999772854
223 6 224 6 0.0
224 6 225 6 7.000000000090267
225 6 226 6 19.999999999242846
226 6 227 6 7.000000000090267
227 6 228 6 10.049875619998058
228 6 229 6 21.000000000270802
229 6 230 6 0.0
230 6 231 6 7.999999999697138
231 6 232 6 10.049875621482792
232 6 233 3 7.999999999697138
233 3 234 3 0.0
234 3 211 3 9.000000000014552
235 1 236 8 100.00499987547978
236 8 237 8 22.999999999484544
237 8 238 1 100.00499987548687
238 1 235 1 23.000000000195087
239 1 240 1 50.00000000023874
240 1 241 1 12.00000000025625
241 1 242 1 50.00000000023874
242 1 239 1 12.00000000025625
243 1 244 8 40.01249804739985
244 8 245 8 9.999999999621423
245 8 246 1 40.01249804738209
246 1 243 1 10.000000000331966
247 8 248 8 50.00999900043079
248 8 249 8 25.999999999726242
249 8 250 8 20.024984393760427
250 8 251 8 14.000000000180535
251 8 252 8 30.016662040613188
252 8 247 8 13.000000000573664
253 1 254 1 50.00000000023874
254 1 255 1 7.999999999697138
255 1 256 1 50.00999900044499
256 1 253 1 9.000000000014552
257 9 258 9 10.000000000331966
258 9 259 9 3.000000000241698
259 9 260 9 20.024984393760427
260 9 261 9 13.999999999469992
261 9 262 9 9.99999999891088
262 9 263 9 1.9999999999242846
263 9 264 9 20.024984395144255
264 9 257 9 15.000000000497948
265 11 266 11 20.024984393724942
266 11 267 11 7.000000000090267
267 11 268 11 12.206555616057425
268 11 269 11 50.00999900044499
269 11 270 11 11.999999999545707
270 11 271 11 50.00999900043079
271 11 272 11 7.000000000090267
272 11 273 11 10.000000000331966
273 11 274 11 11.180339887870097
274 11 275 11 5.999999999772854
275 11 276 11 9.99999999891088
276 11 265 11 9.000000000014552
277 11 278 11 19.999999999242846
278 11 279 11 3.999999999848569
279 11 280 11 60.0333240797824
280 11 281 11 12.999999999863121
281 11 282 11 60.00833275528591
282 11 283 11 3.999999999848569
283 11 284 11 19.999999999242846
284 11 277 11 12.00000000025625
285 11 286 11 20.024984393724942
286 11 287 11 3.999999999848569
287 11 288 11 60.0333240797824
288 11 289 11 12.00000000025625
289 11 290 11 60.0333240797824
290 11 291 11 1.9999999999242846
291 11 292 11 19.999999999242846
292 11 285 11 13.000000000573664
293 11 294 11 19.999999999242846
294 11 295 11 9.000000000014552
295 11 296 11 11.661903789858393
296 11 297 11 50.00999900044499
297 11 298 11 12.00000000025625
298 11 299 11 60.00833275528591
299 11 300 11 7.000000000090267
300 11 301 11 0.0
301 11 302 11 11.180339887870097
302 11 303 11 5.999999999772854
303 11 304 11 9.99999999891088
304 11 293 11 9.000000000014552
305 13 306 13 20.88061301703061
306 13 307 13 9.999999999621423
307 13 308 13 30.000000000995897
308 13 309 13 28.284271246893553
309 13 310 13 13.453624047330193
310 13 311 13 11.180339887870097
311 13 312 13 13.453624047330193
312 13 313 13 10.04987562141209
313 13 314 13 9.999999999621423
314 13 315 13 10.000000000331966
315 13 316 13 28.284271247898413
316 13 317 13 28.284271247898413
317 13 318 13 10.000000000331966
318 13 319 13 10.999999999938836
319 13 320 13 10.000000000331966
320 13 321 13 22.360679775104668
321 13 322 13 8.000000000407681
322 13 323 13 11.661903789858393
323 13 324 13 13.453624046273909
324 13 325 13 20.00000000066393
325 13 326 13 13.453624047330193
326 13 327 13 10.770329613201545
327 13 328 13 10.000000000331966
328 13 329 13 13.453624047330193
329 13 330 13 20.61552812722168
330 13 331 13 9.000000000014552
331 13 332 13 30.000000000995897
332 13 333 13 28.284271246893553
333 13 334 13 28.284271246893553
334 13 335 13 30.000000000995897
335 13 336 13 9.999999999621423
336 13 337 13 20.61552812739401
337 13 338 13 14.14213562369799
338 13 305 13 13.453624047330193
339 10 340 10 62.201286160328635
340 10 341 10 28.284271246893553
341 10 342 10 53.814496188264485
342 10 339 10 35.5105618089556
343 10 344 10 59.99999999914962
344 10 345 10 25.00000000011937
345 10 346 10 59.99999999914962
346 10 343 10 25.00000000011937
347 10 348 10 51.19570294490084
348 10 349 10 27.000000000043656
349 10 350 10 50.03998401302273
350 10 351 10 8.000000000407681
351 10 352 10 50.08991914572556
352 10 353 10 10.999999999938836
353 10 354 10 9.99999999891088
354 10 355 10 54.91812087113022
355 10 356 10 19.999999999242846
356 10 357 10 61.00000000055033
357 10 358 10 9.000000000014552
358 10 347 10 10.000000000331966
359 10 360 10 9.99999999891088
360 10 361 10 14.14213562369799
361 10 362 10 11.661903789858393
362 10 363 10 14.14213562420042
363 10 364 10 27.58622844849807
364 10 365 10 10.04987562006876
365 10 366 10 9.999999999621423
366 10 367 10 9.99999999891088
367 10 368 10 26.907248094660385
368 10 369 10 14.14213562420042
369 10 370 10 11.180339887552334
370 10 371 10 13.453624047330193
371 10 372 10 20.024984393724942
372 10 373 10 14.14213562420042
373 10 374 10 9.99999999891088
374 10 375 10 22.360679775104668
375 10 376 10 20.591260282160658
376 10 377 10 10.049875619998058
377 10 359 10 10.000000000331966
378 13 379 13 60.00833275528591
379 13 380 13 10.999999999938836
380 13 381 13 60.00833275528591
381 13 378 13 10.999999999938836
382 13 383 13 60.0333240797824
383 13 384 13 10.999999999938836
384 13 385 13 60.008332755274076
385 13 382 13 9.999999999621423
386 13 387 13 20.00000000066393
387 13 388 13 12.00000000025625
388 13 389 13 20.00000000066393
389 13 386 13 12.00000000025625
390 13 391 13 30.000000000995897
391 13 392 13 42.05948168959658
392 13 393 13 12.206555616057425
393 13 394 13 38.58756276320778
394 13 395 13 1.9999999999242846
395 13 396 13 2.9999999995311555
396 13 397 13 20.00000000066393
397 13 390 13 6.000000000483396
398 13 399 13 11.180339887870097
399 13 400 13 32.01562118767221
400 13 401 13 37.99999999998249
401 13 402 13 10.000000000331966
402 13 403 13 37.36308338468374
403 13 398 13 24.16609194721515
404 13 405 13 60.00833275528591
405 13 406 13 14.000000000180535
406 13 407 13 60.00833275528591
407 13 404 13 14.000000000180535
408 10 409 0 140.03213916851033
409 0 410 0 31.999999999499096
410 0 411 0 20.024984393760427
411 0 412 0 32.00000000020964
412 0 413 10 150.02999699989996
413 10 414 10 35.44009029356086
414 10 415 10 30.000000000995897
415 10 408 10 32.572994949804006
416 8 417 8 60.07495318408443
417 8 418 8 14.000000000180535
418 8 419 8 60.07495318408443
419 8 416 8 14.000000000180535
420 8 421 4 20.024984395144255
421 4 422 4 8.000000000407681
422 4 423 4 10.000000000331966
423 4 424 4 9.000000000014552
424 4 425 4 29.99999999957481
425 4 426 4 9.000000000014552
426 4 427 4 10.000000000331966
427 4 428 4 9.000000000014552
428 4 429 4 30.016662039169223
429 4 430 4 12.999999999863121
430 4 431 4 29.99999999957481
431 4 432 4 9.999999999621423
432 4 433 4 10.000000000331966
433 4 434 4 7.999999999697138
434 4 435 4 29.99999999957481
435 4 436 4 9.000000000014552
436 4 437 8 20.00000000066393
437 8 438 4 13.453624047330193
438 4 439 8 20.00000000066393
439 8 420 8 14.000000000180535
440 8 441 8 50.00999900043079
441 8 442 8 12.999999999863121
442 8 443 8 50.03998401302273
443 8 440 8 14.000000000180535
446 6 447 3 61.35144660040443
447 3 448 3 20.39607805499248
448 3 449 6 65.29931086965861
449 6 446 6 10.770329613201545
450 6 451 6 65.14598989960801
451 6 452 6 30.01666203919289
452 6 453 6 23.000000000195087
453 6 454 6 49.030602688205
454 6 450 6 40.79215610859147
455 6 456 6 60.00833275528591
456 6 457 6 10.999999999938836
457 6 458 6 20.024984393724942
458 6 459 8 25.999999999726242
459 8 460 6 80.0062497556871
460 6 455 6 13.999999999469992
461 6 462 8 70.00714249223473
462 8 463 8 10.000000000331966
463 8 464 6 70.00714249223473
464 6 461 6 10.000000000331966
465 8 466 8 80.00624975569599
466 8 467 8 9.000000000014552
467 8 468 8 80.00624975569599
468 8 465 8 9.000000000014552
469 8 470 4 120.0374941421818
470 4 471 4 12.999999999863121
471 4 472 8 120.0374941421818
472 8 469 8 12.999999999863121
473 8 474 4 120.0666481581445
474 4 475 4 12.00000000025625
475 4 476 8 120.0666481581445
476 8 473 8 12.00000000025625
477 8 478 4 100.01999800087577
478 4 479 4 12.00000000025625
479 4 480 8 100.01999800088998
480 8 477 8 11.999999999545707
481 4 482 4 110.01818031518764
482 4 483 4 12.999999999863121
483 4 484 4 110.01818031518764
484 4 481 4 12.999999999863121
485 4 486 4 100.0449898800382
486 4 487 4 13.999999999469992
487 4 488 4 110.04090148605029
488 4 485 4 17.204650533599125
489 4 490 4 100.0449898800382
490 4 491 4 13.000000000573664
491 4 492 4 100.04498988001689
492 4 489 4 12.999999999863121
493 8 494 8 20.024984393724942
494 8 495 8 24.99999999940883
495 8 496 8 20.024984393760427
496 8 493 8 25.00000000011937
497 9 498 9 19.999999999242846
498 9 499 9 50.00999900018925
499 9 500 9 29.99999999957481
500 9 497 9 48.99999999992133
501 8 502 8 60.00833275385318
502 8 503 8 14.000000000180535
503 8 504 8 60.00833275385318
504 8 501 8 14.000000000180535
505 4 506 4 50.00999900043079
506 4 507 4 16.00000000010482
507 4 508 4 50.00999900044499
508 4 505 4 15.999999999394277
509 4 510 4 40.01249804738209
510 4 511 4 14.000000000180535
511 4 512 4 40.049968788904685
512 4 509 4 12.999999999863121
513 4 514 4 10.000000000331966
514 4 515 4 3.999999999848569
515 4 516 4 10.000000000331966
517 4 518 4 40.00000000132786
518 4 519 4 9.000000000014552
519 4 520 4 9.99999999891088
520 4 521 4 13.453624047330193
521 4 522 4 20.00000000066393
522 4 523 4 12.999999999863121
523 4 524 4 20.00000000066393
524 4 525 4 9.000000000014552
525 4 526 4 19.999999999242846
526 4 527 4 9.000000000014552
527 4 528 4 20.02498439517974
528 4 529 4 3.000000000241698
529 4 530 4 10.000000000331966
530 4 531 4 3.999999999848569
531 4 532 4 0.0
532 4 533 4 1.9999999999242846
533 4 534 4 10.000000000331966
534 4 517 4 5.000000000165983
535 4 536 8 29.99999999957481
536 8 537 8 4.000000000559112
537 8 538 8 10.049875621482792
539 4 540 4 30.016662040589516
541 4 542 4 60.00833275528591
542 4 543 4 9.000000000014552
543 4 544 4 60.00000000057071
544 4 541 4 10.000000000331966
545 4 546 4 60.008332755274076
546 4 547 4 9.000000000014552
547 4 548 4 60.00000000057071
548 4 545 4 9.999999999621423
549 4 550 4 19.999999999242846
550 4 551 4 3.999999999848569
551 4 552 4 20.00000000066393
552 4 553 4 12.999999999863121
553 4 554 4 20.00000000066393
554 4 555 4 3.999999999848569
555 4 556 4 19.999999999242846
556 4 549 4 12.999999999863121
557 4 558 4 39.99999999990678
558 4 559 4 12.999999999863121
559 4 560 4 39.99999999990678
560 4 557 4 12.999999999863121
561 4 562 4 20.00000000066393
562 4 563 4 3.999999999848569
563 4 564 4 19.999999999242846
564 4 565 4 14.000000000180535
565 4 566 4 19.999999999242846
566 4 567 4 5.000000000165983
567 4 568 4 20.02498439517974
568 4 561 4 14.000000000180535
569 4 570 4 20.00000000066393
570 4 571 4 4.000000000559112
571 4 572 4 19.999999999242846
572 4 573 4 15.000000000497948
573 4 574 4 19.999999999242846
574 4 575 4 2.9999999995311555
575 4 576 4 20.00000000066393
576 4 569 4 13.999999999469992
577 4 578 4 20.00000000066393
578 4 579 4 9.000000000014552
579 4 580 4 79.99999999981355
580 4 581 4 8.000000000407681
581 4 582 4 10.000000000331966
582 4 583 4 21.000000000270802
583 4 584 4 110.00454536144728
584 4 577 4 20.99999999956026
585 4 586 4 69.99999999948159
586 4 587 4 9.999999999621423
587 4 588 4 69.99999999948159
588 4 585 4 9.999999999621423
589 4 590 4 50.00000000023874
590 4 591 4 12.999999999863121
591 4 592 4 50.00999900044499
592 4 589 4 11.999999999545707
593 4 594 4 79.99999999981355
594 4 595 4 9.999999999621423
595 4 596 4 79.99999999981355
596 4 593 4 9.999999999621423
597 4 598 4 69.99999999948159
598 4 599 4 9.000000000014552
599 4 600 4 70.00714249223473
600 4 597 4 7.999999999697138
601 4 602 7 60.00000000057071
602 7 603 7 10.999999999938836
603 7 604 4 60.008332755274076
604 4 601 4 11.999999999545707
605 7 606 7 70.00714249222457
606 7 607 7 15.620499352222685
607 7 608 7 80.0062497556871
608 7 605 7 12.00000000025625
609 7 610 7 19.999999999242846
610 7 611 7 12.999999999863121
611 7 612 7 19.999999999242846
612 7 609 7 12.999999999863121
613 7 614 7 50.00999900044499
614 7 615 7 10.000000000331966
615 7 616 7 50.00999900043079
616 7 613 7 9.999999999621423
617 7 618 7 12.00000000025625
618 7 619 7 53.141321022339504
619 7 620 7 29.99999999957481
621 7 622 7 39.99999999990678
622 7 623 7 54.91812087113022
623 7 624 7 59.363288318937414
624 7 621 7 21.999999999877673
625 7 626 7 50.03998401160278
626 7 627 7 9.999999999621423
627 7 628 7 50.00999899900998
628 7 625 7 10.999999999938836
629 7 630 7 60.00833275386503
630 7 631 7 10.999999999938836
631 7 632 7 60.00833275386503
632 7 629 7 10.999999999938836
633 7 634 7 50.00000000023874
634 7 635 7 13.999999999469992
635 7 636 7 19.999999999242846
636 7 637 7 24.99999999940883
637 7 638 7 70.00714249222457
638 7 633 7 10.000000000331966
639 7 640 7 40.01249804739985
640 7 641 7 23.000000000195087
641 7 642 7 40.01249804739985
642 7 639 7 23.000000000195087
643 7 644 7 30.000000000995897
644 7 645 7 9.000000000014552
645 7 646 7 30.016662040613188
646 7 643 7 10.000000000331966
647 7 648 7 19.999999999242846
648 7 649 7 27.000000000043656
649 7 650 7 10.049875621482792
650 7 647 7 29.732137494610733
651 7 652 7 10.04987562141209
652 7 653 7 27.999999999650527
653 7 654 7 10.000000000331966
654 7 651 7 27.000000000043656
655 7 656 7 20.02498439517974
656 7 657 7 18.000000000029104
657 7 658 7 20.02498439517974
658 7 655 7 18.000000000029104
659 7 660 7 30.016662040589516
660 7 661 7 16.99999999971169
661 7 662 7 30.016662040613188
662 7 659 7 17.000000000422233
663 7 664 7 39.99999999990678
664 7 665 7 12.999999999863121
665 7 666 7 39.99999999990678
666 7 663 7 12.999999999863121
667 7 668 7 50.00000000023874
668 7 669 7 14.000000000180535
669 7 670 7 50.00000000023874
670 7 667 7 14.000000000180535
671 7 672 7 20.02498439517974
672 7 673 7 17.000000000422233
673 7 674 7 20.00000000066393
674 7 671 7 16.00000000010482
675 7 676 7 39.99999999990678
676 7 677 7 11.999999999545707
677 7 678 7 40.01249804739985
678 7 675 7 12.999999999863121
679 7 680 7 39.99999999990678
680 7 681 7 23.000000000195087
681 7 682 7 39.99999999990678
682 7 679 7 23.000000000195087
685 5 869 5 9.000000000014552
686 4 684 4 122.99999999996203
684 4 683 4 59.99999999914962
718 13 710 11 100.0449898800382
710 11 697 11 14.000000000180535
697 11 704 13 100.07996802604546
704 13 718 13 13.000000000573664
698 13 701 13 20.61552812739401
701 13 709 13 58.309518949170105
709 13 695 13 20.615528128772667
695 13 698 13 58.30951894843897
711 13 705 0 50.99019513608771
705 0 723 0 15.620499352222685
723 0 699 0 61.00000000055033
699 0 711 13 13.000000000573664
721 13 715 11 60.07495318266511
715 11 700 0 14.000000000180535
700 0 719 13 60.07495318266511
719 13 721 13 14.000000000180535
717 13 708 13 39.99999999990678
708 13 694 13 5.000000000165983
694 13 713 13 25.999999999944873
713 13 720 13 20.880613018391763
720 13 706 13 14.14213562420042
706 13 714 13 19.999999999242846
714 13 717 13 12.999999999863121
702 11 696 11 90.04998611753133
696 11 703 11 13.000000000573664
703 11 722 0 90.00555538282642
722 0 702 11 14.999999999787406
716 11 707 11 90.022219479559
707 11 693 11 12.00000000025625
693 11 712 11 90.02221947957477
712 11 716 11 11.999999999545707
750 12 751 12 19.999999999242846
751 12 752 12 4.000000000559112
752 12 753 12 50.00000000023874
753 12 748 12 5.000000000165983
748 12 749 12 29.99999999957481
749 12 755 12 14.000000000180535
755 12 754 12 19.999999999242846
754 12 759 12 3.999999999848569
759 12 758 12 60.00000000057071
758 12 757 12 3.999999999848569
757 12 756 12 19.999999999242846
756 12 750 12 13.000000000573664
810 12 811 12 39.99999999990678
811 12 809 12 9.000000000014552
809 12 808 12 30.01666203919289
808 12 804 12 5.999999999772854
804 12 805 12 0.0
805 12 799 12 10.999999999938836
799 12 798 12 0.0
798 12 792 12 8.000000000407681
792 12 793 12 20.024984393760427
793 12 783 12 10.000000000331966
783 12 781 12 40.01249804738209
781 12 790 12 9.999999999621423
790 12 791 12 10.000000000331966
791 12 797 12 6.000000000483396
797 12 796 12 10.000000000331966
796 12 802 12 10.999999999938836
802 12 803 12 10.000000000331966
803 12 810 12 18.000000000029104
800 2 788 2 18.000000000029104
788 2 789 2 30.01666203919289
789 2 801 2 18.000000000029104
801 2 800 2 30.01666203919289
824 2 816 2 32.00000000020964
816 2 817 12 39.99999999990678
817 12 825 12 32.00000000020964
825 12 824 2 39.99999999990678
778 12 779 12 30.01666203919289
779 12 767 12 30.000000000285354
767 12 766 12 29.99999999957481
766 12 778 12 28.99999999996794
812 12 794 12 32.99999999981651
794 12 795 12 40.01249804739985
795 12 813 12 34.481879299054
813 12 812 12 30.01666203919289
780 2 782 2 30.016662040589516
782 2 771 2 30.999999999892225
771 2 770 2 30.016662040589516
770 2 780 2 30.999999999892225
776 12 777 12 30.01666203919289
777 12 765 12 30.999999999892225
765 12 764 12 29.99999999957481
764 12 776 12 29.99999999957481
786 12 772 12 32.00000000020964
772 12 773 12 39.99999999990678
773 12 787 12 32.00000000020964
787 12 786 12 39.99999999990678
768 2 760 2 18.999999999635975
760 2 761 2 30.016662039169223
761 2 769 2 18.000000000029104
769 2 768 2 29.99999999957481
774 12 762 12 31.999999999499096
762 12 763 12 40.01249804738209
763 12 775 12 32.00000000020964
775 12 774 12 40.01249804739985
828 12 822 12 32.00000000020964
822 12 823 12 40.01249804738209
823 12 829 12 32.00000000020964
829 12 828 12 40.01249804738209
745 2 727 2 18.999999999635975
727 2 729 2 30.016662039169223
729 2 747 2 19.000000000346517
747 2 745 2 30.01666203919289
818 2 814 2 19.000000000346517
814 2 815 2 30.016662040613188
815 2 819 2 18.000000000029104
819 2 818 2 30.000000000995897
826 2 827 2 40.01249804739985
827 2 821 2 32.99999999981651
821 2 820 2 40.01249804739985
820 2 826 2 32.99999999981651
806 12 807 12 40.01249804880274
807 12 785 12 27.000000000043656
785 12 784 12 40.01249804880274
784 12 806 12 27.000000000043656
740 2 724 2 19.000000000346517
724 2 728 2 70.02856559954631
728 2 735 2 12.999999999863121
735 2 734 2 60.0333240797824
734 2 741 2 5.999999999772854
741 2 740 2 9.99999999891088
744 12 730 12 16.99999999971169
730 12 733 12 70.0642562232952
733 12 739 12 10.999999999938836
739 12 738 12 60.0333240797824
738 12 746 12 5.000000000165983
746 12 744 12 10.000000000331966
736 12 725 12 15.000000000497948
725 12 726 12 20.02498439517974
726 12 731 12 3.999999999848569
731 12 732 12 19.999999999242846
732 12 743 12 14.000000000180535
743 12 742 12 9.99999999891088
742 12 737 12 3.999999999848569
737 12 736 12 30.000000000995897
836 0 837 0 19.999999999242846
837 0 831 0 103.484298325922
831 0 830 0 30.016662039169223
830 0 836 0 103.99999999961551
840 0 838 0 37.99999999998249
838 0 839 0 20.024984395144255
839 0 841 0 37.99999999998249
841 0 840 0 20.024984395144255
834 0 832 0 12.999999999863121
832 0 833 0 29.99999999957481
833 0 835 0 14.000000000180535
835 0 834 0 30.01666203919289
844 0 845 0 60.0333240797824
845 0 843 0 12.999999999863121
843 0 842 0 60.00833275528591
842 0 844 0 12.00000000025625
848 5 849 5 60.999999999467036
849 5 850 5 15.000000000497948
850 5 851 5 23.853720883043696
851 5 852 5 12.206555616057425
852 5 853 5 21.18962010083884
853 5 854 5 140.0142849844593
854 5 860 5 90.99999999975239
860 5 855 5 10.999999999938836
855 5 848 5 190.00263155992698
856 5 857 5 263.1900454041053
857 5 858 5 180.0694310539866
858 5 859 5 152.32859219449554
859 5 856 5 226.35370551355237
860 5 854 5 90.99999999975239
854 5 855 5 101.99999999969123
855 5 860 5 10.999999999938836
861 5 862 5 99.00000000016007
862 5 863 5 100.00499987548687
863 5 864 5 99.00000000016007
864 5 861 5 100.00499987548687
864 5 863 5 99.00000000016007
863 5 865 5 120.00416659405421
865 5 866 5 97.99999999984266
866 5 864 5 119.99999999972033
867 7 868 7 27.586228447467786
868 7 869 5 80.2246844803234
869 5 870 5 230.01956438582602
870 5 871 5 33.52610922877953
871 5 872 5 30.59411708109523
873 6 874 6 78.00000000049049
874 6 875 6 62.93647591067244
875 6 876 8 17.000000000422233
876 8 877 8 90.022219479559
877 8 878 6 105.00000000064347
878 6 873 6 120.00416659404829
874 6 875 6 62.93647591067244
875 6 876 8 17.000000000422233
876 8 877 8 90.022219479559
877 8 879 8 77.99999999988927
879 8 880 8 40.112342240135135
880 8 881 8 26.000000000600753
881 8 882 1 50.159744816163716
882 1 883 9 80.05623023832449
883 9 884 9 39.99999999990678
884 9 874 6 148.6606874724801
1714 6 1715 6 117.04699910725734
1715 6 1716 3 74.32361670424514
1716 3 1717 3 13.453624047330193
1717 3 1708 3 83.57032966284874
1708 3 1698 3 20.591260282160658
1698 3 887 3 110.00454536144082
887 3 1697 3 33.105890714184746
1697 3 1685 3 18.999999999635975
1521 13 1520 3 133.77593206520913
1520 3 889 11 190.0105260234191
889 11 890 11 59.46427498950825
890 11 891 11 13.453624047330193
891 11 1519 11 37.99999999998249
1519 11 1514 11 15.000000000497948
1514 11 1521 13 150.1199520390966
10 11 893 0 185.00000000045702
893 0 909 0 15.999999999394277
909 0 894 2 23.853720884622433
894 2 895 2 20.396078053598988
895 2 1471 2 190.06577808810928
1471 2 896 2 19.999999999242846
897 12 898 12 180.0027777566335
898 12 899 12 104.47966309252088
899 12 900 12 190.0105260248401
900 12 897 12 101.00000000008436
901 2 902 12 200.03999600033077
902 12 903 5 124.40257232097711
903 5 1452 2 190.02368273516313
1452 2 71 2 10.000000000331966
71 2 901 2 131.38112497573204
904 4 905 4 92.0000000000698
905 4 906 4 150.02999699989996
906 4 907 11 89.56003573009583
907 11 904 4 139.99999999896318
911 5 912 5 59.99999999914962
912 5 913 5 10.999999999938836
913 5 914 5 59.99999999914962
914 5 911 5 10.999999999938836
915 5 916 5 59.99999999914962
916 5 917 5 11.999999999545707
917 5 918 5 59.99999999914962
918 5 915 5 11.999999999545707
919 5 920 5 59.99999999914962
920 5 921 5 10.999999999938836
921 5 922 5 59.99999999914962
922 5 919 5 10.999999999938836
923 5 924 5 59.99999999914962
924 5 925 5 11.999999999545707
925 5 926 5 59.99999999914962
926 5 923 5 11.999999999545707
927 5 928 5 70.02856559952603
928 5 929 5 11.999999999545707
929 5 930 5 70.00714249223473
930 5 927 5 10.999999999938836
931 5 932 5 60.033324078362114
932 5 933 5 11.999999999545707
933 5 934 5 60.00833275386503
934 5 931 5 10.999999999938836
935 5 936 5 60.00833275386503
936 5 937 5 10.999999999938836
937 5 938 5 60.00833275386503
938 5 935 5 10.999999999938836
939 5 940 5 60.033324078362114
940 5 941 5 9.000000000014552
941 5 942 5 60.033324078362114
942 5 939 5 9.000000000014552
943 5 944 5 19.999999999242846
944 5 945 5 108.9999999997815
945 5 946 5 20.024984393724942
946 5 943 5 109.99999999938836
953 10 952 10 120.00416659404829
952 10 951 10 36.00000000005821
951 10 966 10 100.60318086418457
966 10 967 10 41.725292089722146
967 10 968 10 37.36308338468374
968 10 950 10 202.4252948619564
950 10 953 10 38.99999999958936
960 13 959 13 32.00000000020964
959 13 958 13 87.5728268355058
958 13 957 13 28.284271247898413
957 13 956 13 36.8917334908924
956 13 955 13 17.204650534425113
955 13 954 13 30.999999999892225
962 10 961 0 62.801273872270386
968 10 967 10 37.36308338468374
967 10 966 10 41.725292089722146
966 10 965 10 35.510561808575424
965 10 964 10 110.00000000080945
964 10 963 10 51.000000000556156
963 10 968 10 180.0694310539866
973 13 972 13 42.059481689495215
972 13 974 10 53.48831648135919
974 10 954 13 30.265491900401642
954 13 971 13 80.75270893269665
971 13 970 0 82.96987405055395
970 0 969 0 20.880613018391763
974 10 975 10 146.00000000015712
975 10 976 10 9.000000000014552
976 10 978 10 124.4025723199376
978 10 961 0 120.00416659547525
961 0 977 0 160.028122528129
982 2 981 2 10.999999999938836
981 2 980 2 60.00833275386503
980 2 979 2 9.000000000014552
984 0 983 0 280.0000000007685
995 2 996 2 20.02498439517974
996 2 997 2 27.999999999650527
997 2 998 2 10.000000000331966
998 2 999 2 22.999999999484544
999 2 1000 2 10.000000000331966
1000 2 1001 2 121.41251994755638
1001 2 1002 2 29.99999999957481
1002 2 1003 2 122.99999999996203
1003 2 1004 2 60.13318551409827
1004 2 1005 2 9.000000000014552
1005 2 1006 2 40.049968790323994
1006 2 1007 2 5.000000000165983
1007 2 1008 2 20.024984393760427
1009 10 1010 10 53.150729063432394
1010 10 1011 10 11.661903790223965
1011 10 1012 10 11.661903789858393
1012 10 1013 10 11.661903789858393
1013 10 1014 10 19.999999999242846
1014 10 1015 10 10.77032961452099
1019 8 1018 8 40.01249804739985
1018 8 1017 8 6.999999999379725
1017 8 1016 8 40.01249804738209
1016 8 1019 8 7.000000000090267
1025 9 1021 9 25.999999999726242
1021 9 1020 8 60.00833275386503
1020 8 1024 8 10.999999999938836
1024 8 1023 9 70.00714249223473
1023 9 1022 9 36.99999999966508
1022 9 1025 9 10.000000000331966
1029 9 1028 8 109.99999999938836
1028 8 1027 8 14.999999999787406
1027 8 1026 9 109.99999999938836
1026 9 1029 9 14.999999999787406
1033 8 1032 8 29.99999999957481
1032 8 1031 8 14.000000000180535
1031 8 1030 8 30.016662039169223
1030 8 1033 8 14.999999999787406
1037 11 1036 11 40.01249804739985
1036 11 1035 11 19.000000000346517
1035 11 1034 11 40.049968788904685
1034 11 1037 11 19.99999999995339
1041 11 1040 11 18.000000000029104
1040 11 1039 11 9.99999999891088
1039 11 1038 11 18.000000000029104
1038 11 1041 11 9.99999999891088
1043 11 1059 11 10.000000000331966
1059 11 1058 13 120.10412149437062
1058 13 1057 13 3.999999999848569
1057 13 1056 13 12.806248475379597
1056 13 1055 13 31.999999999499096
1055 13 1054 13 12.206555616057425
1054 13 1053 13 20.223748415443758
1053 13 1052 13 10.04987562141209
1052 13 1051 13 20.880613018391763
1051 13 1050 13 10.770329613201545
1050 13 1049 13 20.099751242965585
1049 13 1048 11 20.88061301723478
1048 11 1047 11 12.806248474935725
1047 11 1046 11 12.806248475379597
1046 11 1045 11 16.401219466950636
1045 11 1043 11 28.99999999996794
1043 11 1044 11 14.999999999787406
1063 13 1062 11 60.0333240797824
1062 11 1061 11 19.99999999995339
1061 11 1060 13 60.0333240797824
1060 13 1063 13 19.99999999995339
1087 13 1086 13 20.880613018391763
1086 13 1085 11 12.206555616057425
1085 11 1084 11 12.206555614893226
1084 11 1083 11 1.9999999999242846
1083 11 1082 11 6.000000000483396
1082 11 1081 11 10.770329613201545
1081 11 1080 11 17.20465053302093
1080 11 1079 11 10.770329613465435
1079 11 1078 11 6.000000000483396
1078 11 1077 11 7.000000000090267
1077 11 1076 11 10.000000000331966
1076 11 1075 11 7.999999999697138
1075 11 1074 11 0.0
1074 11 1073 11 9.000000000014552
1073 11 1072 13 10.000000000331966
1072 13 1071 13 7.000000000090267
1071 13 1070 13 11.661903789858393
1070 13 1069 13 10.440306507732641
1069 13 1068 13 16.401219466647376
1068 13 1067 13 11.180339886281276
1067 13 1066 13 7.000000000090267
1066 13 1065 13 3.000000000241698
1065 13 1064 13 12.206555614893226
1064 13 1087 13 1.0000000003174137
1111 13 1110 13 21.189620099732263
1110 13 1109 13 21.18962010107357
1109 13 1108 13 12.206555616057425
1108 13 1107 13 10.19803902749624
1107 13 1106 13 11.180339887870097
1106 13 1105 13 11.180339887870097
1105 13 1104 13 16.401219466950636
1104 13 1103 13 10.77032961452099
1103 13 1102 13 5.000000000165983
1102 13 1101 13 7.000000000090267
1101 13 1100 13 10.000000000331966
1100 13 1099 13 9.000000000014552
1099 13 1098 13 10.049875621482792
1098 13 1097 13 7.999999999697138
1097 13 1096 13 9.99999999891088
1096 13 1095 13 7.000000000090267
1095 13 1094 13 7.000000000090267
1094 13 1093 13 10.77032961452099
1093 13 1092 13 15.620499352222685
1092 13 1091 13 11.180339887552334
1091 13 1090 13 8.000000000407681
1090 13 1089 13 1.9999999999242846
1089 13 1088 13 7.000000000090267
1088 13 1111 13 0.0
1135 13 1134 13 21.189620099732263
1134 13 1133 13 21.54065922930587
1133 13 1132 13 7.000000000090267
1132 13 1131 13 1.9999999999242846
1131 13 1130 13 6.000000000483396
1130 13 1129 13 3.999999999848569
1129 13 1128 13 17.20465053384692
1128 13 1127 3 10.77032961478488
1127 3 1126 3 11.661903790223965
1126 3 1125 3 7.000000000090267
1125 3 1124 3 0.0
1124 3 1123 3 12.806248474935725
1123 3 1122 3 0.0
1122 3 1121 3 9.000000000014552
1121 3 1120 3 9.99999999891088
1120 3 1119 3 7.000000000090267
1119 3 1118 3 11.661903789858393
1118 3 1117 3 2.9999999995311555
1117 3 1116 3 13.000000000573664
1116 3 1115 3 11.180339887552334
1115 3 1114 13 12.206555616057425
1114 13 1113 13 10.19803902749624
1113 13 1112 13 12.806248475379597
1112 13 1135 13 1.0000000003174137
1139 4 1138 11 40.01249804739985
1138 11 1137 4 18.000000000029104
1137 4 1136 4 40.049968788904685
1136 4 1139 4 18.999999999635975
1143 11 1140 11 19.999999999242846
1140 11 1141 11 61.00000000017758
1141 11 1142 11 19.999999999242846
1142 11 1143 11 61.00000000017758
1147 11 1146 11 149.99999999929514
1146 11 1145 11 28.00000000036107
1145 11 1144 11 150.0033332955944
1144 11 1147 11 27.000000000043656
1151 11 1148 11 21.000000000270802
1148 11 1149 11 29.99999999957481
1149 11 1150 11 21.000000000270802
1150 11 1151 11 29.99999999957481
1155 11 1152 11 19.99999999995339
1152 11 1153 11 19.999999999242846
1153 11 1154 11 19.99999999995339
1154 11 1155 11 19.999999999242846
1159 11 1156 11 8.000000000407681
1156 11 1157 11 80.0062497556871
1157 11 1158 11 9.000000000014552
1158 11 1159 11 79.99999999981355
1163 11 1160 11 9.000000000014552
1160 11 1161 11 80.02499609478195
1161 11 1162 11 9.000000000014552
1162 11 1163 11 80.02499609478195
1167 11 1164 11 9.999999999621423
1164 11 1165 11 40.01249804739985
1165 11 1166 11 10.000000000331966
1166 11 1167 11 40.01249804738209
1171 11 1168 11 9.000000000014552
1168 11 1169 11 19.999999999242846
1169 11 1170 11 9.000000000014552
1170 11 1171 11 19.999999999242846
1175 11 1172 11 10.999999999938836
1172 11 1173 11 80.0062497556871
1173 11 1174 11 10.999999999938836
1174 11 1175 11 80.0062497556871
1179 11 1176 11 15.620499351676832
1176 11 1177 11 80.00624975569599
1177 11 1178 11 10.999999999938836
1178 11 1179 11 70.02856559952603
1183 11 1180 11 30.016662040613188
1180 11 1181 11 21.999999999877673
1181 11 1182 11 30.016662040613188
1182 11 1183 11 21.999999999877673
1187 11 1186 11 80.05623023832449
1186 11 1185 11 13.453624047330193
1185 11 1184 11 90.0499861189753
1184 11 1187 11 9.000000000014552
1191 11 1190 11 50.03998401302273
1190 11 1189 11 12.00000000025625
1189 11 1188 11 50.08991914572556
1188 11 1191 11 13.000000000573664
1195 11 1194 11 60.07495318408443
1194 11 1193 11 17.000000000422233
1193 11 1192 11 60.074953184048944
1192 11 1195 11 16.99999999971169
1199 0 1196 0 10.440306509093796
1196 0 1197 0 16.401219466950636
1197 0 1198 0 10.440306509093796
1198 0 1199 0 16.401219466950636
1203 0 1200 0 10.19803902749624
1200 0 1201 0 22.360679775104668
1201 0 1202 0 10.440306507732641
1202 0 1203 0 21.470910553383273
1207 0 1206 0 30.80584360110517
1206 0 1205 0 7.000000000090267
1205 0 1204 0 30.59411708123458
1204 0 1207 0 7.999999999697138
1211 0 1210 0 59.99999999914962
1210 0 1209 0 19.99999999995339
1209 0 1208 0 59.99999999914962
1208 0 1211 0 19.99999999995339
1215 0 1212 0 9.99999999891088
1212 0 1213 0 12.00000000025625
1213 0 1214 0 10.04987562006876
1214 0 1215 0 10.999999999938836
1219 0 1218 0 10.000000000331966
1218 0 1217 0 9.999999999621423
1217 0 1216 0 10.000000000331966
1216 0 1219 0 9.999999999621423
1223 0 1220 0 10.000000000331966
1220 0 1221 0 29.99999999957481
1221 0 1222 0 10.000000000331966
1222 0 1223 0 29.99999999957481
1227 0 1226 0 50.03998401160278
1226 0 1225 0 12.00000000025625
1225 0 1224 0 50.03998401160278
1224 0 1227 0 12.00000000025625
1231 0 1230 0 50.00999900044499
1230 0 1229 0 13.999999999469992
1229 0 1228 0 50.00999900043079
1228 0 1231 0 14.000000000180535
1257 0 1256 0 8.000000000407681
1256 0 1255 0 9.99999999891088
1255 0 1254 0 9.999999999621423
1254 0 1253 0 10.04987562141209
1253 0 1252 0 10.999999999938836
1252 0 1251 0 0.0
1251 0 1250 0 4.99999999945544
1250 0 1249 0 27.586228448987455
1249 0 1248 0 7.000000000090267
1248 0 1247 0 30.000000000995897
1247 0 1246 0 1.9999999999242846
1246 0 1245 0 29.99999999957481
1245 0 1244 0 12.00000000025625
1244 0 1243 0 29.99999999957481
1243 0 1242 0 5.999999999772854
1242 0 1241 0 9.99999999891088
1241 0 1240 0 13.453624046273909
1240 0 1239 0 10.04987562006876
1239 0 1238 0 10.999999999938836
1238 0 1237 0 10.000000000331966
1237 0 1236 0 12.00000000025625
1236 0 1235 0 50.03998401305114
1235 0 1234 0 14.000000000180535
1234 0 1233 0 50.00999900044499
1233 0 1232 0 5.000000000165983
1232 0 1257 0 10.19803902749624
1261 0 1260 0 90.00000000014552
1260 0 1259 0 14.000000000180535
1259 0 1258 0 90.00000000014552
1258 0 1261 0 14.000000000180535
1265 0 1264 0 90.00555538424742
1264 0 1263 0 15.999999999394277
1263 0 1262 0 90.00555538423951
1262 0 1265 0 16.00000000010482
1269 0 1268 0 90.00555538424742
1268 0 1267 0 12.00000000025625
1267 0 1266 0 90.00000000014552
1266 0 1269 0 10.999999999938836
1273 0 1272 0 50.00999900044499
1272 0 1271 0 14.999999999787406
1271 0 1270 0 50.00000000023874
1270 0 1273 0 16.00000000010482
1277 0 1276 0 90.00555538424742
1276 0 1275 0 17.204650534425113
1275 0 1274 0 80.00624975569599
1274 0 1277 0 14.000000000180535
1281 0 1280 0 80.00624975569599
1280 0 1279 0 11.999999999545707
1279 0 1278 0 80.0062497556871
1278 0 1281 0 12.00000000025625
1285 0 1284 0 80.00000000123464
1284 0 1283 0 12.999999999863121
1283 0 1282 0 80.00624975710808
1282 0 1285 0 12.00000000025625
1311 0 1310 0 7.000000000090267
1310 0 1309 0 0.0
1309 0 1308 0 10.999999999938836
1308 0 1307 0 10.04987562006876
1307 0 1306 0 10.999999999938836
1306 0 1305 0 10.04987562141209
1305 0 1304 0 5.000000000165983
1304 0 1303 0 21.470910553416367
1303 0 1302 0 7.999999999697138
1302 0 1301 0 20.00000000066393
1301 0 1300 0 1.9999999999242846
1300 0 1299 0 39.99999999990678
1299 0 1298 0 11.999999999545707
1298 0 1297 0 30.000000000995897
1297 0 1296 0 6.000000000483396
1296 0 1295 0 0.0
1295 0 1294 0 9.000000000014552
1294 0 1293 0 10.04987562141209
1293 0 1292 0 10.999999999938836
1292 0 1291 0 10.000000000331966
1291 0 1290 0 15.620499352222685
1290 0 1289 0 29.99999999957481
1289 0 1288 0 10.999999999938836
1288 0 1287 0 29.99999999957481
1287 0 1286 0 3.000000000241698
1286 0 1311 0 10.19803902749624
1332 10 1331 10 30.000000000995897
1331 10 1330 10 4.000000000559112
1330 10 1329 10 9.99999999891088
1329 10 1328 10 6.999999999379725
1328 10 1327 10 24.0000000005125
1327 10 1326 10 9.99999999891088
1326 10 1325 10 11.999999999545707
1325 10 1324 10 9.99999999891088
1324 10 1323 10 10.000000000331966
1323 10 1322 10 19.999999999242846
1322 10 1321 10 3.999999999848569
1321 10 1320 10 20.00000000066393
1320 10 1319 10 9.000000000014552
1319 10 1318 10 20.00000000066393
1318 10 1317 10 10.999999999938836
1317 10 1316 10 20.02498439517974
1316 10 1315 10 10.999999999938836
1315 10 1314 10 20.02498439517974
1314 10 1313 10 12.00000000025625
1313 10 1312 10 20.02498439517974
1312 10 1332 10 9.000000000014552
1335 13 1333 13 20.024984393760427
1333 13 1334 13 14.999999999787406
1334 13 1353 13 20.024984393760427
1353 13 1335 13 14.999999999787406
1339 13 1338 13 20.00000000066393
1338 13 1337 13 13.000000000573664
1337 13 1336 13 20.00000000066393
1336 13 1339 13 13.000000000573664
1348 10 1347 10 110.01818031518764
1347 10 1346 10 18.02775637653892
1346 10 1341 10 30.016662040613188
1341 10 1340 13 5.000000000165983
1340 13 1344 10 29.99999999957481
1344 10 1342 13 12.206555616057425
1342 13 1343 13 29.99999999957481
1343 13 1345 10 12.999999999863121
1345 10 1348 10 14.999999999787406
1352 13 1349 13 30.016662040589516
1349 13 1350 13 17.000000000422233
1350 13 1351 13 30.016662040613188
1351 13 1352 13 16.99999999971169
1356 13 1353 13 30.066592757734472
1353 13 1354 13 22.000000000588216
1354 13 1355 13 30.066592757734472
1355 13 1356 13 22.000000000588216
1360 13 1357 13 30.016662039169223
1357 13 1358 13 21.000000000270802
1358 13 1359 13 30.06659275631653
1359 13 1360 13 19.99999999995339
1364 10 1361 10 20.00000000066393
1361 10 1362 10 32.00000000020964
1362 10 1363 10 20.00000000066393
1363 10 1364 10 32.00000000020964
1368 10 1365 10 20.099751242894886
1365 10 1366 10 25.00000000011937
1366 10 1367 10 20.00000000066393
1367 10 1368 10 27.000000000043656
1372 10 1369 10 20.024984395144255
1369 10 1370 10 21.999999999877673
1370 10 1371 10 20.00000000066393
1371 10 1372 10 22.999999999484544
1376 10 1373 10 29.99999999957481
1373 10 1374 10 21.000000000270802
1374 10 1375 10 20.024984395144255
1375 10 1376 10 24.166091946627102
1380 10 1377 10 30.016662040613188
1377 10 1378 10 27.8567765542319
1378 10 1379 10 20.02498439517974
1379 10 1380 10 25.999999999726242
1384 13 1383 0 110.00000000080945
1383 0 1382 13 21.000000000270802
1382 13 1381 13 110.00000000080945
1381 13 1384 13 21.000000000270802
1388 13 1387 13 40.01249804738209
1387 13 1386 13 10.000000000331966
1386 13 1385 13 40.01249804739985
1385 13 1388 13 9.999999999621423
1392 13 1389 13 20.00000000066393
1389 13 1390 13 27.000000000043656
1390 13 1391 13 20.00000000066393
1391 13 1392 13 27.000000000043656
1396 13 1393 13 19.999999999242846
1393 13 1394 13 47.07440918321486
1394 13 1395 13 10.000000000331966
1395 13 1396 13 45.99999999967963
58 10 63 0 320.07655334377966
1398 7 1399 7 10.000000000331966
1399 7 1400 7 1.9999999999242846
1400 7 1401 7 10.04987562141209
1401 7 1402 7 50.00999900043079
1402 7 1403 7 13.000000000573664
1403 7 1448 7 29.99999999957481
1448 7 1445 7 10.049875621482792
1445 7 1444 7 20.00000000066393
1444 7 1398 7 0.0
1404 7 1405 7 14.000000000180535
1405 7 1406 7 19.999999999242846
1406 7 1407 7 3.999999999848569
1407 7 1408 7 10.000000000331966
1408 7 1409 7 5.000000000165983
1409 7 1410 7 10.04987562141209
1410 7 1411 7 14.000000000180535
1411 7 1412 7 10.04987562141209
1412 7 1413 7 3.000000000241698
1413 7 1414 7 20.00000000066393
1414 7 1415 7 5.000000000165983
1415 7 1404 7 10.049875619998058
1416 7 1417 7 12.999999999863121
1417 7 1418 7 20.00000000066393
1418 7 1419 7 3.999999999848569
1419 7 1420 7 10.04987562141209
1420 7 1421 7 4.99999999945544
1421 7 1422 7 10.049875621482792
1422 7 1423 7 14.000000000180535
1423 7 1424 7 10.000000000331966
1424 7 1425 7 4.000000000559112
1425 7 1426 7 20.00000000066393
1426 7 1427 7 4.99999999945544
1427 7 1416 7 10.049875621482792
1428 7 1429 7 20.99999999956026
1429 7 1430 7 10.000000000331966
1430 7 1431 7 18.027756377327197
1431 7 1432 7 20.00000000066393
1432 7 1433 7 5.999999999772854
1433 7 1428 7 20.00000000066393
1434 7 1435 7 12.999999999863121
1435 7 1436 7 10.000000000331966
1436 7 1437 7 9.000000000014552
1437 7 1438 7 20.024984393724942
1438 7 1439 7 3.999999999848569
1439 7 1458 7 20.00000000066393
1458 7 1440 7 0.0
1440 7 1467 7 10.19803902749624
1467 7 1441 7 12.806248474269916
1441 7 1442 7 18.02775637653892
1442 7 1434 7 39.99999999990678
1443 7 1444 7 7.000000000090267
1444 7 1445 7 20.00000000066393
1445 7 1446 7 7.000000000090267
1446 7 1443 7 20.00000000066393
1447 7 1448 7 6.999999999379725
1448 7 1403 7 29.99999999957481
1403 7 1449 7 6.999999999379725
1449 7 1447 7 29.99999999957481
1450 7 1451 7 160.00312496911212
1454 7 1455 7 60.0333240797824
1457 7 1461 7 50.00999900043079
1461 7 1458 7 29.99999999957481
1458 7 1459 7 27.999999999650527
1459 7 1460 7 50.00999900044499
1461 7 1462 7 13.453624046273909
1462 7 1463 7 30.016662040613188
1463 7 1464 7 10.000000000331966
1464 7 1458 7 10.000000000331966
1462 7 1465 7 13.453624046273909
1465 7 1466 7 30.01666203919289
1466 7 1463 7 13.453624047330193
1473 7 1474 7 50.00000000023874
1474 7 1473 7 50.00000000023874
1475 7 1476 7 30.675723300433845
1476 7 1477 7 30.265491900401642
1477 7 1478 7 32.99999999981651
1478 7 1475 7 19.999999999242846
1479 7 1480 7 12.00000000025625
1480 7 1481 7 29.99999999957481
1481 7 1482 7 9.000000000014552
1482 7 1483 7 20.024984395144255
1483 7 1484 7 3.999999999848569
1484 7 1479 7 9.99999999891088
1504 2 1488 0 80.02499609478195
1488 0 1501 0 14.999999999787406
1501 0 1491 0 60.00833275386503
1491 0 1498 2 12.00000000025625
1498 2 1494 2 20.024984395144255
1494 2 1504 2 27.000000000043656
1485 2 1490 2 12.00000000025625
1490 2 1503 2 10.440306509093796
1503 2 1496 2 6.000000000483396
1496 2 1487 2 4.99999999945544
1487 2 1500 2 10.77032961478488
1500 2 1493 2 11.999999999545707
1493 2 1505 2 10.049875621482792
1505 2 1497 2 10.77032961452099
1497 2 1489 2 11.180339887870097
1489 2 1502 2 7.000000000090267
1502 2 1492 2 10.000000000331966
1492 2 1495 2 7.999999999697138
1495 2 1486 2 11.180339887870097
1486 2 1499 2 10.77032961452099
1499 2 1485 2 10.000000000331966
1517 2 1515 12 200.30227158068038
1518 5 1515 12 121.41251994755638
1515 12 1516 12 109.99999999938836
1526 12 1525 12 11.999999999545707
1525 12 1524 12 106.99999999985721
1524 12 1523 12 75.99999999996498
1523 12 1522 12 31.000000000602768
1527 10 1528 10 9.99999999891088
1528 10 1529 10 10.440306509297969
1529 10 1530 10 3.999999999848569
1530 10 1531 10 11.661903790223965
1531 10 1532 10 7.999999999697138
1532 10 1533 10 12.999999999863121
1533 10 1534 10 62.20128616075129
1534 10 1535 10 10.77032961452099
1535 10 1536 10 10.198039026102752
1536 10 1537 10 20.00000000066393
1537 10 1538 10 3.999999999848569
1538 10 1539 10 12.206555616057425
1539 10 1540 10 7.000000000090267
1540 10 1541 10 7.999999999697138
1541 10 1542 10 78.10249675965781
1542 10 1527 10 10.049875621482792
1543 10 1544 10 12.806248475379597
1544 10 1545 10 7.000000000090267
1545 10 1546 10 10.999999999938836
1546 10 1547 10 12.806248474935725
1547 10 1548 10 11.180339886599041
1548 10 1549 10 60.0333240797824
1549 10 1550 10 11.180339887870097
1550 10 1551 10 7.999999999697138
1551 10 1552 10 10.999999999938836
1552 10 1553 10 8.000000000407681
1553 10 1554 10 10.77032961452099
1554 10 1555 10 10.77032961452099
1555 10 1543 10 60.07495318262963
1556 10 1557 0 25.999999999944873
1557 0 1558 0 10.000000000331966
1558 0 1559 0 32.01562118767221
1559 0 1556 10 40.0124980488205
1560 0 1561 0 25.999999999944873
1561 0 1562 0 10.000000000331966
1562 0 1563 0 26.925824035378866
1563 0 1560 0 30.01666203919289
1564 0 1565 0 25.999999999944873
1565 0 1566 0 9.99999999891088
1566 0 1567 0 26.925824035246922
1567 0 1564 0 30.016662039169223
1568 10 1569 10 48.00000000031446
1569 10 1570 0 160.0781059354537
1570 0 1571 0 51.07837115618935
1571 0 1568 10 180.04443895769725
1572 10 1573 13 220.65584062057704
1573 13 1582 0 120.42009798973645
1582 0 1581 13 34.409301068024234
1581 13 1574 13 120.00416659547525
1574 13 1585 13 41.231056255994346
1585 13 1584 13 57.280013966065525
1584 13 1583 13 80.09993757784484
1583 13 1575 13 21.4709105527545
1575 13 1586 13 60.00000000057071
1586 13 1587 13 84.50443775333426
1587 13 1576 13 100.00000000047748
1576 13 1577 10 315.1586901869081
1577 10 1578 10 120.10412149434104
1578 10 1579 10 46.518813399226474
1579 10 1580 10 120.92973166161858
1580 10 1572 10 20.39607805499248
1574 13 1583 13 35.00000000045134
1583 13 1584 13 80.09993757784484
1584 13 1585 13 57.280013966065525
1585 13 1574 13 41.231056255994346
1588 13 1589 13 67.74215821775977
1589 13 1590 13 70.00000000090267
1590 13 1591 13 69.00000000058526
1591 13 1588 13 60.033324079806086
1592 13 1593 13 125.39936204035261
1593 13 1594 13 49.99999999881766
1594 13 1595 13 148.40822079772656
1595 13 1592 13 120.00000000114142
1596 0 1597 0 61.00000000055033
1597 0 1598 0 20.09975124148085
1598 0 1599 11 220.00909072146706
1599 11 1600 0 74.99999999964757
1600 0 1601 0 270.00000000043656
1601 0 1596 0 70.68238818784498
1602 0 1603 0 91.08238029394794
1603 0 1604 0 3.999999999848569
1604 0 1610 11 220.00909072146706
1610 11 1605 11 22.360679775104668
1605 11 1606 11 50.00999900044499
1606 11 1607 11 75.66372975180232
1607 11 1608 13 390.28835493790655
1608 13 1609 13 22.360679774469137
1609 13 1602 0 132.92479076471707
1611 0 1612 11 100.00000000047748
1612 11 1613 11 60.00833275386503
1613 11 1614 2 99.99999999976694
1614 2 1611 0 60.00833275385318
1615 2 1616 2 116.43023662252384
1616 2 1617 0 90.00555538423951
1617 0 1618 0 112.99999999963006
1618 0 1619 2 30.06659275631653
1619 2 1620 2 11.180339887870097
1620 2 1621 2 29.99999999957481
1621 2 1622 2 7.999999999697138
1622 2 1623 2 10.000000000331966
1623 2 1624 2 7.000000000090267
1624 2 1615 2 20.099751242965585
1625 2 1626 2 110.01818031660848
1626 2 1627 2 61.00000000017758
1627 2 1628 2 30.06659275631653
1628 2 1629 2 18.000000000029104
1629 2 1630 2 60.133185514051
1630 2 1631 2 62.80127387297186
1631 2 1632 2 20.615528128600335
1632 2 1625 2 12.806248475379597
1633 2 1634 2 13.999999999469992
1634 2 1635 2 80.09993757784484
1635 2 1636 2 7.000000000090267
1636 2 1637 2 70.00000000090267
1637 2 1638 2 126.00000000020373
1638 2 1639 2 160.0499921895639
1639 2 1640 0 100.17983829145112
1640 0 1641 0 122.40914998517594
1641 0 1642 2 40.607881008417635
1642 2 1633 2 80.09993757780937
1643 2 1644 2 88.00000000022123
1644 2 1645 2 49.99999999881766
1645 2 1646 2 3.999999999848569
1646 2 1647 2 70.0071424936455
1647 2 1648 2 84.5931439306357
1648 2 1649 2 40.31128874142083
1649 2 1650 2 25.612496950315315
1650 2 1643 2 50.15974481474715
1651 2 1652 2 70.999999999799
1652 2 1695 2 19.999999999242846
1695 2 1696 2 10.000000000331966
1696 2 1653 2 1.0000000003174137
1653 2 1654 2 68.99999999987472
1654 2 1655 2 100.07996802462553
1655 2 1656 2 22.360679775740195
1656 2 1657 2 137.99999999974943
1657 2 1651 2 100.0449898800382
1658 0 1659 0 102.41581909015387
1659 0 1660 0 90.00555538282642
1660 0 1661 0 58.99999999954275
1661 0 1662 0 39.99999999990678
1662 0 1663 0 28.00000000036107
1663 0 1664 0 140.00000000038426
1664 0 1665 0 171.0000000002765
1665 0 1658 0 130.0000000000523
1666 0 1667 0 80.43009387006322
1667 0 1668 0 19.72308292384827
1668 0 1669 0 70.02856559952603
1669 0 1670 0 61.71709649677522
1670 0 1671 0 39.29376540884455
1671 0 1666 0 80.05623023832449
1672 0 1673 0 127.94139283338079
1673 0 1674 0 10.999999999938836
1674 0 1675 0 120.00416659405421
1675 0 1693 0 46.999999999997044
1693 0 1694 2 30.000000000995897
1694 2 1692 2 16.99999999971169
1692 2 1676 2 59.000000000253294
1676 2 1672 0 90.00000000014552
1677 10 1678 10 74.67261881046268
1678 10 1679 0 190.06577808668868
1679 0 1680 0 81.49233092729648
1680 0 1677 10 220.00909072004606
1681 10 1682 10 130.49521064012905
1682 10 1683 0 105.94810050268524
1683 0 1684 0 195.50959055787308
1684 0 1681 10 170.10584939967046
65 7 69 2 330.1514803846902
69 2 71 2 9.000000000014552
71 2 901 2 131.38112497573204
901 2 78 2 86.57944328798676
1457 7 1450 7 28.99999999996794
1450 7 1456 7 147.3397434500863
1456 7 1453 2 330.1514803846902
1453 2 1517 2 143.3492239252883
1517 2 1472 2 89.99999999943498
1472 2 87 2 18.867962263624865
1686 2 1688 2 9.99999999891088
1688 2 1687 2 0.0
1687 2 1691 2 50.00999900044499
1691 2 1689 2 50.00999900044499
18 2 1690 2 20.02498439517974
1690 2 1691 2 1.9999999999242846
1699 5 1700 5 39.29376540884455
1700 5 1701 5 74.32361670432162
1701 5 1702 5 45.99999999967963
1702 5 1703 5 19.999999999242846
1703 5 1704 5 18.867962263775496
1704 5 1705 5 19.999999999242846
1705 5 1706 5 14.000000000180535
1706 5 1707 5 29.99999999957481
1707 5 1699 5 14.000000000180535
1709 9 1710 9 33.52610922877953
1710 9 1711 9 11.180339887870097
1711 9 1712 1 50.009998999024184
1712 1 1713 9 36.00000000005821
1713 9 1709 9 49.99999999881766
1513 3 1512 3 20.02498439517974
1512 3 1511 11 280.1142623995449
1511 11 1510 11 68.73136111007163
1510 11 1509 11 20.223748415443758
1509 11 1508 4 25.999999999726242
1508 4 1507 4 20.09975124148085
1507 4 1506 4 84.00000000037267
1506 4 1397 6 240.00833318810248
1397 6 994 6 120.0666481581445
994 6 993 6 15.000000000497948
993 6 1513 3 173.7267970116696
992 4 991 4 81.00000000013097
991 4 990 4 39.99999999990678
990 4 989 4 14.000000000180535
989 4 988 4 10.000000000331966
988 4 987 4 58.99999999954275
987 4 992 4 40.049968788904685
986 11 985 4 59.999999999860165
985 4 949 7 99.9999999990564
949 7 948 7 61.00000000017758
948 7 986 11 100.00499987406587
908 5 847 5 28.99999999996794
847 5 846 5 20.024984393724942
846 5 691 5 49.00000000063187
691 5 690 5 60.00000000057071
690 5 689 5 80.0000000005241
689 5 908 5 80.00624975569599
688 5 687 5 32.00000000020964
687 5 131 5 90.00000000014552
131 5 122 5 36.400549446927755
122 5 688 5 80.05623023832449
114 7 114 7 0.0
21 7 20 7 60.00000000057071
1680 0 1251 0 193.5355264543162
1680 0 1284 0 156.20499351886076
1617 0 1202 0 303.9424287589647
1618 0 1383 0 376.3787985523227
1641 0 1290 0 130.31116606037205
1640 0 1604 0 247.32367456433164
1559 0 1560 0 20.09975124148085
1557 0 1252 0 219.3649926495698
235 1 253 1 72.80109889229392
235 1 256 1 70.85901495170589
243 1 255 1 19.99999999995339
246 1 254 1 37.99999999998249
239 1 255 1 53.14132102258017
242 1 243 1 50.99019513622705
882 1 239 1 50.03998401302273
882 1 235 1 20.396078053598988
824 2 1008 2 162.6068879226179
816 2 1624 2 390.97826026487587
1614 2 8 2 304.82125910124347
1614 2 729 2 272.3251732764997
447 3 173 3 178.0449381470141
447 3 175 3 134.10443691401605
1118 3 199 3 162.09873534331905
1126 3 178 3 110.0045453600198
1716 3 214 3 23.259406698971713
1697 3 445 3 153.80507143718523
598 4 423 4 330.1227044596102
600 4 426 4 230.00217390330104
9 4 558 4 230.41050323290932
9 4 592 4 271.24896313124464
535 4 470 4 192.3538406172625
535 4 991 4 217.36835096249638
985 4 438 4 408.68202798747166
985 4 593 4 253.93109301512007
942 5 859 5 360.5010402195937
941 5 1518 5 132.44244032820225
228 6 873 6 48.414873748244176
221 6 457 6 114.6123902555775
143 6 140 6 52.20153254472034
143 6 148 6 54.230987452149975
994 6 232 6 65.14598990028423
994 6 453 6 49.99999999967031
156 6 147 6 90.6862723900827
154 6 874 6 114.43775600721224
1714 6 1397 6 206.9396047164335
1714 6 219 6 142.2708684165528
885 6 143 6 48.05205510700205
885 6 446 6 119.01260437475348
464 6 230 6 136.34148304962304
461 6 1397 6 106.3014581273327
1455 7 640 7 243.6062396570414
1455 7 1476 7 444.4378471731752
420 8 248 8 79.99999999981355
439 8 251 8 100.00499987406587
459 8 877 8 68.73136111007163
459 8 440 8 145.90750494798644
476 8 1030 8 41.23105625616668
476 8 495 8 60.406953242215586
536 8 441 8 80.77747210719215
538 8 437 8 55.000000000404725
237 8 249 8 55.90169943725324
237 8 441 8 91.43850392504896
245 8 443 8 99.74467404347442
245 8 1024 8 30.479501308839215
1019 8 248 8 90.35485598436853
1017 8 417 8 114.28473213957956
3 9 261 9 78.10249675811123
3 9 498 9 134.62912017771237
1710 9 258 9 54.48853090300525
1711 9 264 9 60.406953242215586
1022 9 500 9 46.861498055212444
1023 9 261 9 25.000000000829914
884 9 263 9 44.28317965072866
884 9 499 9 79.17701686665542
1556 10 359 10 389.53947168295014
1556 10 340 10 221.0972636634302
1344 10 951 10 183.37120820865496
1344 10 375 10 83.60023923420202
1509 11 298 11 373.01608544443496
1509 11 266 11 339.7484363464113
702 11 907 11 394.9480978555361
702 11 1081 11 191.47062437915963
1062 11 1038 11 197.34234213686642
1061 11 299 11 342.11693907192466
697 11 302 11 316.58963975459847
710 11 1045 11 75.23961722362228
715 11 1034 11 277.56260555069736
715 11 1163 11 179.52437160450376
902 12 749 12 220.04772209630045
902 12 127 12 516.6517202143307
709 13 1391 13 190.37857022323414
695 13 393 13 108.4619749040248
719 13 1060 13 117.88129622653366
721 13 66 13 136.9525465269832
186 13 325 13 209.2462663945421
186 13 971 13 286.0489468599823
194 13 1110 13 117.39250401914009
194 13 383 13 129.38701635064302
718 13 706 13 24.41311123095065
704 13 1132 13 142.39382009060898
711 13 327 13 330.001515147624
711 13 1100 13 186.81541692235373
1510 11 1156 11 101.00000000028835
1510 11 1043 11 195.43796969862774
702 11 1100 13 198.4943324133676
696 11 1049 13 242.0743687375812
720 13 1180 11 144.46106741965613
720 13 1168 11 177.99999999992764
717 13 296 11 424.75993219790104
714 13 1051 13 109.45775440749087
1128 13 1073 11 80.22468448037654
1128 13 301 11 461.11170013309726
1172 11 1193 11 192.52012881748087
1173 11 1170 11 64.62197768607038
18 2 78 2 351.6020477755123
18 2 1636 2 180.27756377268076
824 2 760 2 194.44536507664859
825 12 1626 2 372.37615390839755
165 3 335 13 184.08965207247445
166 3 182 13 185.01081049508815
170 3 956 13 255.7264163116268
169 3 1133 13 252.87150887335048
176 3 1389 13 301.49792702449656
191 3 381 13 117.4265728021171
1096 13 404 13 218.58865478386863
1092 13 316 13 234.34163095886424
180 3 1118 3 121.34249049666785
180 3 391 13 178.28067758432735
706 13 321 13 241.30685858508727
706 13 1521 13 79.39773296565488
1608 13 76 3 306.75723300318026
1608 13 1575 13 126.21014222262316
1698 3 1333 13 308.4623153646522
887 3 317 13 202.2770377474925
698 13 1116 3 183.57559750660454
698 13 388 13 121.0619676031091
1612 11 1273 0 245.28350943442896
1612 11 1610 11 56.35601121483481
1451 7 1448 7 116.70903992336416
1451 7 1431 7 140.28898745128876
21 7 1477 7 174.40183485167154
21 7 1433 7 30.265491900401642
730 12 1516 12 37.202150476627494
730 12 914 5 277.9586300156742
685 5 908 5 227.52802025298632
685 5 853 5 140.91131963164858
859 5 850 5 305.3211424057576
859 5 908 5 219.4561459604828
857 5 846 5 81.63332652730276
857 5 859 5 246.4731222663576
855 5 1705 5 257.73047937744104
855 5 1701 5 233.07724041621887
690 5 122 5 193.49676999801713
690 5 1700 5 230.67076104251694
1558 0 894 2 396.4290604891079
1559 0 1691 2 311.3534968477629
599 4 548 4 230.48861143288323
598 4 535 4 314.4980127127417
237 8 502 8 127.02755606493363
237 8 990 4 320.26395363813776
7 7 664 7 240.0333310182782
7 7 671 7 190.09471323588676
288 11 672 7 390.1550973649449
288 11 673 7 407.1068655773162
648 7 644 7 22.360679774469137
648 7 660 7 125.36347155369957
22 7 677 7 231.2487837796785
22 7 652 7 98.48857801805616
1225 0 1069 13 318.99999999925535
1224 0 1086 13 248.24383174609702
904 4 277 11 285.8041287318274
904 4 1107 13 316.1154852268674
703 11 1043 11 171.46719802848995
696 11 278 11 219.045657341544
1229 0 1056 13 270.8302051109195
1229 0 697 11 93.72299611133465
705 0 276 11 335.0059700963026
705 0 1039 11 335.74395005743685
1654 2 894 2 143.02447343023957
1654 2 1203 0 349.4638751010881
1618 0 1604 0 319.7248817342311
1618 0 1241 0 220.55384830068584
1641 0 1248 0 258.1181899830889
1640 0 1491 0 236.84594148975702
1557 0 1299 0 211.42611002457093
1556 10 1222 0 390.9015221249575
1680 0 1272 0 208.09613163173418
1680 0 413 10 190.0421005979873
636 7 1429 7 141.73566946966608
636 7 1433 7 138.62178761008764
1445 7 652 7 128.06248474891336
1447 7 637 7 186.01075237786603
1480 7 1443 7 49.2036584014151
623 7 1448 7 106.62551289500695
22 7 637 7 172.69626515939547
22 7 1433 7 76.21679604961237
7 7 636 7 150.54567413284084
7 7 637 7 174.32441022395423
647 7 64 7 210.92415698628582
650 7 619 7 125.54282137987637
857 5 864 5 146.72763884136086
858 5 691 5 146.00000000102338
597 4 417 8 300.374765917548
600 4 573 4 144.22205101960293
494 8 563 4 272.52339349166147
494 8 475 4 131.89389675047272
596 4 481 4 325.60098279982134
596 4 501 8 359.47739845538075
237 8 529 4 132.1968229573014
236 8 481 4 220.03636063217067
683 4 504 8 342.0073098633597
683 4 570 4 121.75385004220493
1417 7 1440 7 60.13318551263306
1417 7 1415 7 40.31128874142083
1402 7 1441 7 40.31128874150897
1403 7 1458 7 11.999999999545707
1474 7 1464 7 54.99999999969418
1474 7 1476 7 39.051248379283045
1484 7 1417 7 85.09406559783301
1482 7 1440 7 36.00000000005821
1451 7 1422 7 29.732137494993104
1451 7 1423 7 21.54065922904198
1614 2 826 2 411.83006204063287
1614 2 1620 2 180.15548839811711
816 2 1000 2 207.1617725349515
824 2 1499 2 250.96613317314532
936 5 1309 0 816.7429216098208
937 5 1239 0 794.2726232220464
585 4 756 12 1087.7504309353767
586 4 1572 10 1013.2442943336367
1661 0 406 13 375.1333096370399
1659 0 870 5 1306.2270093665586
1141 11 820 2 841.2425333996445
1143 11 878 6 383.78249048166373
1268 0 266 11 276.0815097036498
1266 0 865 5 1170.6220568569888
1372 10 1055 13 355.3603804587275
1371 10 66 13 272.029410174754
1336 13 286 11 743.524713778991
1336 13 1398 7 1184.8864924537045
1011 10 1404 7 1387.200057670481
1009 10 975 10 140.69825869609278
209 3 1355 13 373.15010384557786
207 3 528 4 481.7271011684015
1276 0 531 4 852.6101101909069
1277 0 284 11 359.5608432528792
1596 0 226 6 517.8233289449175
1600 0 1459 7 837.7714485462183
776 12 591 4 1231.6655390153333
764 12 56 10 1331.1588935958555
40 10 292 11 854.20372277376
34 10 1036 11 781.6527361947037
157 3 865 5 1515.4722036381975
159 3 695 13 441.9999999994647
1314 10 372 10 100.17983829096883
1313 10 977 0 440.8582538636972
474 4 596 4 303.22269044443675
496 8 1678 10 837.9552494017082
798 12 292 11 823.2860985101514
809 12 700 0 1010.7051993536871
1209 0 219 6 555.9901078255386
1210 0 697 11 128.54960132161463
1206 0 1424 7 988.9711825933801
1206 0 1370 10 239.42639787626715
123 12 416 8 1687.6836196401384
99 12 1122 3 1491.3564295644808
979 2 776 12 446.3462781297669
980 2 1576 13 1013.575848172795
917 5 620 7 651.2572456407198
918 5 128 12 631.2020278801172
112 12 851 5 840.5355435674727
113 12 1612 11 775.4024761369923
479 4 871 5 1172.9774081373018
480 8 548 4 281.8581203370575
608 7 100 12 1263.0138558222286
608 7 704 13 636.3049583347043
1569 10 756 12 859.7330981180054
1571 0 417 8 1061.057962601708
1186 11 321 13 484.3438860973164
1186 11 653 7 588.7113044609596
1217 0 1180 11 179.51323071026357
1217 0 390 13 321.1603960652142
1548 10 16 0 376.0172868375465
1544 10 393 13 428.22424032221954
1692 2 645 7 881.2286876856767
1676 2 263 9 1192.8792897862131
203 3 181 3 121.41251994755638
206 3 189 3 135.20724832659835
1376 10 259 9 853.5596054173797
1374 10 796 12 1105.1918385507427
1386 13 573 4 593.6530973551583
1386 13 335 13 230.26940743404631
485 4 1184 11 371.70418345783753
486 4 379 13 485.8075750739862
1567 0 1438 7 1120.3017450668192
1564 0 1711 9 1157.3435099400247
1188 11 1433 7 696.5091528477645
1190 11 1021 9 729.3565657479902
114 7 311 13 1044.0613008821672
114 7 1570 0 1116.0448019679318
1590 13 1192 11 364.96575181715946
1591 13 279 11 554.0541489777669
351 10 312 13 321.4031735996891
357 10 909 0 660.430919930388
839 0 20 7 959.396164261732
841 0 1510 11 554.4366510248847
656 7 209 3 777.5120577835779
657 7 355 10 1107.6050740224373
150 6 384 13 401.6217125603153
151 6 890 11 402.8163353185441
945 5 986 11 434.55264353076353
945 5 357 10 1166.5200384046834
780 2 328 13 1076.2569395819041
782 2 356 10 980.0326525171026
615 7 1676 2 1008.7695475180573
615 7 1453 2 520.216301167091
1396 13 178 3 315.54555930945054
1395 13 308 13 156.84705926459034
582 4 880 8 481.58176875818117
584 4 282 11 433.1697126994327
801 2 1492 2 157.42934923204166
789 2 1185 11 616.1980201199593
830 0 248 8 740.3168240695128
837 0 617 7 1055.1890825817536
512 4 83 5 983.6793176638909
511 4 19 2 1024.0332025864593
1215 0 449 6 584.126698585695
1212 0 1091 13 300.89200720486576
1667 0 1445 7 973.0822164649676
1670 0 531 4 813.1426689086644
1136 4 825 12 1004.9875621117548
1138 11 1226 0 359.2547842408459
555 4 415 10 898.2204629155623
549 4 1468 7 530.0716932637046
823 12 580 4 1089.0160696698265
823 12 1640 0 607.3096409576608
162 3 1003 2 1153.858310191684
162 3 446 6 153.21879780267008
1650 2 137 6 1204.3126670427973
1643 2 1097 13 730.8139298077476
737 12 1273 0 761.7768702196496
742 12 73 2 365.69933005150574
795 12 1101 13 1093.3416666351552
794 12 290 11 748.8264151329133
539 4 132 12 1570.7335865760363
539 4 1689 2 1151.710032951221
625 7 692 2 930.4455921761972
626 7 1451 7 230.01956438582602
1026 9 621 7 800.3905296786667
1028 8 1622 2 948.7360012144064
516 4 1571 0 1086.6462165767823
514 4 1247 0 793.2521667164276
1153 11 1107 13 297.86574156799315
1152 11 1679 0 486.0462940919775
843 0 1615 2 320.22492095466475
843 0 1635 2 411.246884486097
49 10 1560 0 350.0699930016515
48 10 1515 12 1154.947617860567
1351 13 335 13 138.2931668594371
1352 13 424 4 740.0000000000805
492 4 250 8 167.52313273014727
489 4 838 0 710.0000000001216
609 7 1448 7 300.2399040767165
609 7 45 10 1175.4981922574625
1594 13 592 4 624.4269372798284
1594 13 237 8 574.3483263661097
343 10 1136 4 768.8016649302234
344 10 852 5 1348.2021361803575
807 12 596 4 1284.4127062593436
807 12 704 13 1211.4705939486896
506 4 605 7 360.31236448450215
505 4 115 2 982.1023368257997
693 11 155 6 580.8993028050525
693 11 378 13 420.524672284262
27 2 715 11 685.0664201377615
27 2 512 4 1101.18844890418
630 7 850 5 384.33839256649395
630 7 1240 0 833.9808151262231
398 13 1121 3 186.0000000000639
403 13 1402 7 1024.158190906534
923 5 1067 13 890.0005617972772
926 5 1269 0 733.9216579451546
786 12 1206 0 848.5923638590125
786 12 22 7 929.4132557697814
741 2 154 6 1153.029054273361
734 2 1374 10 840.0148808200322
1684 0 89 2 536.4923112218956
1682 10 805 12 1115.9498196613374
1364 10 890 11 520.099990386988
1363 10 109 12 1011.7217997066853
135 12 21 7 1106.9277302515852
134 12 146 6 1747.776873630796
815 2 389 13 933.8436700013754
814 2 1233 0 533.0337700368596
1358 13 912 5 1238.1696168130406
1360 13 94 12 1619.177569014883
1540 10 356 10 38.41874542525104
1531 10 720 13 441.7703023060929
920 5 1283 0 761.1281101092226
919 5 963 10 1033.406502785905
1196 0 1687 2 420.98574797627384
1198 0 1253 0 100.00000000019327
1179 11 1245 0 315.3173005079882
1179 11 71 2 579.2313872701413
1280 0 915 5 671.8042869769691
1278 0 212 3 693.7463513412355
1165 11 716 11 108.72442227966934
1165 11 828 12 819.5706192886543
125 12 1462 7 1091.336794944991
124 12 524 4 1488.0124327435421
762 12 149 6 1303.1120443005666
774 12 141 6 1350.7405376314227
669 7 1561 0 1064.1597624416754
670 7 411 0 981.2548089054524
832 0 1188 11 324.451845425294
833 0 803 12 947.5025065929461
682 7 1482 7 300.8055850545356
681 7 1621 2 916.4720399445071
1378 10 744 12 960.6747628612072
1378 10 1524 12 1440.153116858944
465 8 178 3 307.00000000010164
468 8 397 13 440.1090773892024
1144 11 1589 13 399.41081607818626
1147 11 661 7 537.5872022288784
62 10 1544 10 79.64923100649554
62 10 360 10 220.05681084682314
931 5 1455 7 183.09560344273552
933 5 647 7 439.66919382585155
1258 0 181 3 434.6078692345877
1259 0 633 7 656.2202374202302
1368 10 107 12 1325.811449642521
1366 10 284 11 646.6714776460541
542 4 1283 0 890.6317982199671
543 4 424 4 163.5726138444018
1262 0 812 12 763.8226233895177
1263 0 384 13 453.54161881697183
929 5 687 5 450.13886746233356
927 5 1454 7 244.5730974579826
601 4 733 12 926.5527507919026
604 4 979 2 813.4494452640323
24 2 1657 2 210.6395024678888
24 2 174 3 976.1659694949125
779 12 365 10 1442.1109527365454
766 12 961 0 1125.0048888785207
1148 11 185 3 482.49455955511314
1149 11 420 8 586.1953599274519
29 7 375 10 1225.6606381872573
29 7 501 8 730.134234233757
