16 117
117 977
977 984
984 969
969 1
1 66
66 886
886 445
445 888
888 1042
1042 444
444 885
885 3
11 903
903 1518
1518 1452
1452 71
72 896
896 2
2 68
68 4
9 910
910 947
947 67
67 10
83 84
84 85
85 86
86 5
5 70
70 11
11 900
900 897
897 12
12 13
13 14
14 15
15 77
17 58
7 6
6 8
26 24
27 25
19 23
23 22
29 28
61 62
55 56
56 57
57 17
46 60
31 80
56 82
82 53
53 44
44 41
41 81
33 34
34 36
36 40
40 42
42 45
45 43
43 37
37 33
39 49
49 48
48 51
51 50
50 47
66 892
892 1044
1044 67
67 1469
1469 68
68 69
69 1453
1453 70
70 856
5 1456
1456 65
65 4
4 1468
1468 64
64 9
38 46
46 52
52 962
962 59
59 16
76 75
75 74
30 38
12 1516
1516 1472
80 81
81 54
54 57
80 35
35 79
79 32
78 87
87 692
692 89
88 1471
1471 1470
1470 1469
1469 1468
89 91
91 92
92 90
90 88
63 16
16 116
71 2
2 1470
1470 10
10 1
1 960
78 73
95 1526
107 129
129 126
126 132
132 95
104 105
105 106
106 107
107 108
108 101
101 100
100 98
98 99
99 95
95 94
94 93
93 96
96 97
97 103
103 102
102 104
111 109
109 110
110 113
113 112
112 111
117 120
120 118
118 121
121 115
115 119
119 1688
1688 116
99 123
123 101
101 100
100 98
98 99
125 124
128 127
129 133
133 130
130 95
135 134
136 135
137 138
138 139
139 140
140 137
141 142
142 143
143 144
144 141
145 146
146 147
147 148
148 145
149 150
150 151
151 152
152 149
153 154
154 155
155 156
156 153
157 158
158 159
159 160
160 157
161 162
162 163
163 164
164 161
165 166
166 167
167 168
168 165
169 170
170 171
171 172
172 169
173 174
174 175
175 176
176 173
177 178
178 179
179 180
180 177
181 182
182 183
183 184
184 181
185 186
186 187
187 188
188 189
189 190
190 191
191 192
192 185
193 194
194 195
195 196
196 197
197 198
198 193
199 200
200 201
201 202
202 199
203 204
204 205
205 206
206 203
207 208
208 209
209 210
210 207
211 212
212 213
213 214
214 215
215 216
216 217
217 218
218 219
219 220
220 221
221 222
222 223
223 224
224 225
225 226
226 227
227 228
228 229
229 230
230 231
231 232
232 233
233 234
234 211
235 236
236 237
237 238
238 235
239 240
240 241
241 242
242 239
243 244
244 245
245 246
246 243
247 248
248 249
249 250
250 251
251 252
252 247
253 254
254 255
255 256
256 253
257 258
258 259
259 260
260 261
261 262
262 263
263 264
264 257
265 266
266 267
267 268
268 269
269 270
270 271
271 272
272 273
273 274
274 275
275 276
276 265
277 278
278 279
279 280
280 281
281 282
282 283
283 284
284 277
285 286
286 287
287 288
288 289
289 290
290 291
291 292
292 285
293 294
294 295
295 296
296 297
297 298
298 299
299 300
300 301
301 302
302 303
303 304
304 293
305 306
306 307
307 308
308 309
309 310
310 311
311 312
312 313
313 314
314 315
315 316
316 317
317 318
318 319
319 320
320 321
321 322
322 323
323 324
324 325
325 326
326 327
327 328
328 329
329 330
330 331
331 332
332 333
333 334
334 335
335 336
336 337
337 338
338 305
339 340
340 341
341 342
342 339
343 344
344 345
345 346
346 343
347 348
348 349
349 350
350 351
351 352
352 353
353 354
354 355
355 356
356 357
357 358
358 347
359 360
360 361
361 362
362 363
363 364
364 365
365 366
366 367
367 368
368 369
369 370
370 371
371 372
372 373
373 374
374 375
375 376
376 377
377 359
378 379
379 380
380 381
381 378
382 383
383 384
384 385
385 382
386 387
387 388
388 389
389 386
390 391
391 392
392 393
393 394
394 395
395 396
396 397
397 390
398 399
399 400
400 401
401 402
402 403
403 398
404 405
405 406
406 407
407 404
408 409
409 410
410 411
411 412
412 413
413 414
414 415
415 408
416 417
417 418
418 419
419 416
420 421
421 422
422 423
423 424
424 425
425 426
426 427
427 428
428 429
429 430
430 431
431 432
432 433
433 434
434 435
435 436
436 437
437 438
438 439
439 420
440 441
441 442
442 443
443 440
446 447
447 448
448 449
449 446
450 451
451 452
452 453
453 454
454 450
455 456
456 457
457 458
458 459
459 460
460 455
461 462
462 463
463 464
464 461
465 466
466 467
467 468
468 465
469 470
470 471
471 472
472 469
473 474
474 475
475 476
476 473
477 478
478 479
479 480
480 477
481 482
482 483
483 484
484 481
485 486
486 487
487 488
488 485
489 490
490 491
491 492
492 489
493 494
494 495
495 496
496 493
497 498
498 499
499 500
500 497
501 502
502 503
503 504
504 501
505 506
506 507
507 508
508 505
509 510
510 511
511 512
512 509
513 514
514 515
515 516
517 518
518 519
519 520
520 521
521 522
522 523
523 524
524 525
525 526
526 527
527 528
528 529
529 530
530 531
531 532
532 533
533 534
534 517
535 536
536 537
537 538
539 540
541 542
542 543
543 544
544 541
545 546
546 547
547 548
548 545
549 550
550 551
551 552
552 553
553 554
554 555
555 556
556 549
557 558
558 559
559 560
560 557
561 562
562 563
563 564
564 565
565 566
566 567
567 568
568 561
569 570
570 571
571 572
572 573
573 574
574 575
575 576
576 569
577 578
578 579
579 580
580 581
581 582
582 583
583 584
584 577
585 586
586 587
587 588
588 585
589 590
590 591
591 592
592 589
593 594
594 595
595 596
596 593
597 598
598 599
599 600
600 597
601 602
602 603
603 604
604 601
605 606
606 607
607 608
608 605
609 610
610 611
611 612
612 609
613 614
614 615
615 616
616 613
617 618
618 619
619 620
621 622
622 623
623 624
624 621
625 626
626 627
627 628
628 625
629 630
630 631
631 632
632 629
633 634
634 635
635 636
636 637
637 638
638 633
639 640
640 641
641 642
642 639
643 644
644 645
645 646
646 643
647 648
648 649
649 650
650 647
651 652
652 653
653 654
654 651
655 656
656 657
657 658
658 655
659 660
660 661
661 662
662 659
663 664
664 665
665 666
666 663
667 668
668 669
669 670
670 667
671 672
672 673
673 674
674 671
675 676
676 677
677 678
678 675
679 680
680 681
681 682
682 679
685 869
686 684
684 683
718 710
710 697
697 704
704 718
698 701
701 709
709 695
695 698
711 705
705 723
723 699
699 711
721 715
715 700
700 719
719 721
717 708
708 694
694 713
713 720
720 706
706 714
714 717
702 696
696 703
703 722
722 702
716 707
707 693
693 712
712 716
750 751
751 752
752 753
753 748
748 749
749 755
755 754
754 759
759 758
758 757
757 756
756 750
810 811
811 809
809 808
808 804
804 805
805 799
799 798
798 792
792 793
793 783
783 781
781 790
790 791
791 797
797 796
796 802
802 803
803 810
800 788
788 789
789 801
801 800
824 816
816 817
817 825
825 824
778 779
779 767
767 766
766 778
812 794
794 795
795 813
813 812
780 782
782 771
771 770
770 780
776 777
777 765
765 764
764 776
786 772
772 773
773 787
787 786
768 760
760 761
761 769
769 768
774 762
762 763
763 775
775 774
828 822
822 823
823 829
829 828
745 727
727 729
729 747
747 745
818 814
814 815
815 819
819 818
826 827
827 821
821 820
820 826
806 807
807 785
785 784
784 806
740 724
724 728
728 735
735 734
734 741
741 740
744 730
730 733
733 739
739 738
738 746
746 744
736 725
725 726
726 731
731 732
732 743
743 742
742 737
737 736
836 837
837 831
831 830
830 836
840 838
838 839
839 841
841 840
834 832
832 833
833 835
835 834
844 845
845 843
843 842
842 844
848 849
849 850
850 851
851 852
852 853
853 854
854 860
860 855
855 848
856 857
857 858
858 859
859 856
860 854
854 855
855 860
861 862
862 863
863 864
864 861
864 863
863 865
865 866
866 864
867 868
868 869
869 870
870 871
871 872
873 874
874 875
875 876
876 877
877 878
878 873
874 875
875 876
876 877
877 879
879 880
880 881
881 882
882 883
883 884
884 874
1714 1715
1715 1716
1716 1717
1717 1708
1708 1698
1698 887
887 1697
1697 1685
1521 1520
1520 889
889 890
890 891
891 1519
1519 1514
1514 1521
10 893
893 909
909 894
894 895
895 1471
1471 896
897 898
898 899
899 900
900 897
901 902
902 903
903 1452
1452 71
71 901
904 905
905 906
906 907
907 904
911 912
912 913
913 914
914 911
915 916
916 917
917 918
918 915
919 920
920 921
921 922
922 919
923 924
924 925
925 926
926 923
927 928
928 929
929 930
930 927
931 932
932 933
933 934
934 931
935 936
936 937
937 938
938 935
939 940
940 941
941 942
942 939
943 944
944 945
945 946
946 943
953 952
952 951
951 966
966 967
967 968
968 950
950 953
960 959
959 958
958 957
957 956
956 955
955 954
962 961
968 967
967 966
966 965
965 964
964 963
963 968
973 972
972 974
974 954
954 971
971 970
970 969
974 975
975 976
976 978
978 961
961 977
982 981
981 980
980 979
984 983
995 996
996 997
997 998
998 999
999 1000
1000 1001
1001 1002
1002 1003
1003 1004
1004 1005
1005 1006
1006 1007
1007 1008
1009 1010
1010 1011
1011 1012
1012 1013
1013 1014
1014 1015
1019 1018
1018 1017
1017 1016
1016 1019
1025 1021
1021 1020
1020 1024
1024 1023
1023 1022
1022 1025
1029 1028
1028 1027
1027 1026
1026 1029
1033 1032
1032 1031
1031 1030
1030 1033
1037 1036
1036 1035
1035 1034
1034 1037
1041 1040
1040 1039
1039 1038
1038 1041
1043 1059
1059 1058
1058 1057
1057 1056
1056 1055
1055 1054
1054 1053
1053 1052
1052 1051
1051 1050
1050 1049
1049 1048
1048 1047
1047 1046
1046 1045
1045 1043
1043 1044
1063 1062
1062 1061
1061 1060
1060 1063
1087 1086
1086 1085
1085 1084
1084 1083
1083 1082
1082 1081
1081 1080
1080 1079
1079 1078
1078 1077
1077 1076
1076 1075
1075 1074
1074 1073
1073 1072
1072 1071
1071 1070
1070 1069
1069 1068
1068 1067
1067 1066
1066 1065
1065 1064
1064 1087
1111 1110
1110 1109
1109 1108
1108 1107
1107 1106
1106 1105
1105 1104
1104 1103
1103 1102
1102 1101
1101 1100
1100 1099
1099 1098
1098 1097
1097 1096
1096 1095
1095 1094
1094 1093
1093 1092
1092 1091
1091 1090
1090 1089
1089 1088
1088 1111
1135 1134
1134 1133
1133 1132
1132 1131
1131 1130
1130 1129
1129 1128
1128 1127
1127 1126
1126 1125
1125 1124
1124 1123
1123 1122
1122 1121
1121 1120
1120 1119
1119 1118
1118 1117
1117 1116
1116 1115
1115 1114
1114 1113
1113 1112
1112 1135
1139 1138
1138 1137
1137 1136
1136 1139
1143 1140
1140 1141
1141 1142
1142 1143
1147 1146
1146 1145
1145 1144
1144 1147
1151 1148
1148 1149
1149 1150
1150 1151
1155 1152
1152 1153
1153 1154
1154 1155
1159 1156
1156 1157
1157 1158
1158 1159
1163 1160
1160 1161
1161 1162
1162 1163
1167 1164
1164 1165
1165 1166
1166 1167
1171 1168
1168 1169
1169 1170
1170 1171
1175 1172
1172 1173
1173 1174
1174 1175
1179 1176
1176 1177
1177 1178
1178 1179
1183 1180
1180 1181
1181 1182
1182 1183
1187 1186
1186 1185
1185 1184
1184 1187
1191 1190
1190 1189
1189 1188
1188 1191
1195 1194
1194 1193
1193 1192
1192 1195
1199 1196
1196 1197
1197 1198
1198 1199
1203 1200
1200 1201
1201 1202
1202 1203
1207 1206
1206 1205
1205 1204
1204 1207
1211 1210
1210 1209
1209 1208
1208 1211
1215 1212
1212 1213
1213 1214
1214 1215
1219 1218
1218 1217
1217 1216
1216 1219
1223 1220
1220 1221
1221 1222
1222 1223
1227 1226
1226 1225
1225 1224
1224 1227
1231 1230
1230 1229
1229 1228
1228 1231
1257 1256
1256 1255
1255 1254
1254 1253
1253 1252
1252 1251
1251 1250
1250 1249
1249 1248
1248 1247
1247 1246
1246 1245
1245 1244
1244 1243
1243 1242
1242 1241
1241 1240
1240 1239
1239 1238
1238 1237
1237 1236
1236 1235
1235 1234
1234 1233
1233 1232
1232 1257
1261 1260
1260 1259
1259 1258
1258 1261
1265 1264
1264 1263
1263 1262
1262 1265
1269 1268
1268 1267
1267 1266
1266 1269
1273 1272
1272 1271
1271 1270
1270 1273
1277 1276
1276 1275
1275 1274
1274 1277
1281 1280
1280 1279
1279 1278
1278 1281
1285 1284
1284 1283
1283 1282
1282 1285
1311 1310
1310 1309
1309 1308
1308 1307
1307 1306
1306 1305
1305 1304
1304 1303
1303 1302
1302 1301
1301 1300
1300 1299
1299 1298
1298 1297
1297 1296
1296 1295
1295 1294
1294 1293
1293 1292
1292 1291
1291 1290
1290 1289
1289 1288
1288 1287
1287 1286
1286 1311
1332 1331
1331 1330
1330 1329
1329 1328
1328 1327
1327 1326
1326 1325
1325 1324
1324 1323
1323 1322
1322 1321
1321 1320
1320 1319
1319 1318
1318 1317
1317 1316
1316 1315
1315 1314
1314 1313
1313 1312
1312 1332
1335 1333
1333 1334
1334 1353
1353 1335
1339 1338
1338 1337
1337 1336
1336 1339
1348 1347
1347 1346
1346 1341
1341 1340
1340 1344
1344 1342
1342 1343
1343 1345
1345 1348
1352 1349
1349 1350
1350 1351
1351 1352
1356 1353
1353 1354
1354 1355
1355 1356
1360 1357
1357 1358
1358 1359
1359 1360
1364 1361
1361 1362
1362 1363
1363 1364
1368 1365
1365 1366
1366 1367
1367 1368
1372 1369
1369 1370
1370 1371
1371 1372
1376 1373
1373 1374
1374 1375
1375 1376
1380 1377
1377 1378
1378 1379
1379 1380
1384 1383
1383 1382
1382 1381
1381 1384
1388 1387
1387 1386
1386 1385
1385 1388
1392 1389
1389 1390
1390 1391
1391 1392
1396 1393
1393 1394
1394 1395
1395 1396
58 63
1398 1399
1399 1400
1400 1401
1401 1402
1402 1403
1403 1448
1448 1445
1445 1444
1444 1398
1404 1405
1405 1406
1406 1407
1407 1408
1408 1409
1409 1410
1410 1411
1411 1412
1412 1413
1413 1414
1414 1415
1415 1404
1416 1417
1417 1418
1418 1419
1419 1420
1420 1421
1421 1422
1422 1423
1423 1424
1424 1425
1425 1426
1426 1427
1427 1416
1428 1429
1429 1430
1430 1431
1431 1432
1432 1433
1433 1428
1434 1435
1435 1436
1436 1437
1437 1438
1438 1439
1439 1458
1458 1440
1440 1467
1467 1441
1441 1442
1442 1434
1443 1444
1444 1445
1445 1446
1446 1443
1447 1448
1448 1403
1403 1449
1449 1447
1450 1451
1454 1455
1457 1461
1461 1458
1458 1459
1459 1460
1461 1462
1462 1463
1463 1464
1464 1458
1462 1465
1465 1466
1466 1463
1473 1474
1474 1473
1475 1476
1476 1477
1477 1478
1478 1475
1479 1480
1480 1481
1481 1482
1482 1483
1483 1484
1484 1479
1504 1488
1488 1501
1501 1491
1491 1498
1498 1494
1494 1504
1485 1490
1490 1503
1503 1496
1496 1487
1487 1500
1500 1493
1493 1505
1505 1497
1497 1489
1489 1502
1502 1492
1492 1495
1495 1486
1486 1499
1499 1485
1517 1515
1518 1515
1515 1516
1526 1525
1525 1524
1524 1523
1523 1522
1527 1528
1528 1529
1529 1530
1530 1531
1531 1532
1532 1533
1533 1534
1534 1535
1535 1536
1536 1537
1537 1538
1538 1539
1539 1540
1540 1541
1541 1542
1542 1527
1543 1544
1544 1545
1545 1546
1546 1547
1547 1548
1548 1549
1549 1550
1550 1551
1551 1552
1552 1553
1553 1554
1554 1555
1555 1543
1556 1557
1557 1558
1558 1559
1559 1556
1560 1561
1561 1562
1562 1563
1563 1560
1564 1565
1565 1566
1566 1567
1567 1564
1568 1569
1569 1570
1570 1571
1571 1568
1572 1573
1573 1582
1582 1581
1581 1574
1574 1585
1585 1584
1584 1583
1583 1575
1575 1586
1586 1587
1587 1576
1576 1577
1577 1578
1578 1579
1579 1580
1580 1572
1574 1583
1583 1584
1584 1585
1585 1574
1588 1589
1589 1590
1590 1591
1591 1588
1592 1593
1593 1594
1594 1595
1595 1592
1596 1597
1597 1598
1598 1599
1599 1600
1600 1601
1601 1596
1602 1603
1603 1604
1604 1610
1610 1605
1605 1606
1606 1607
1607 1608
1608 1609
1609 1602
1611 1612
1612 1613
1613 1614
1614 1611
1615 1616
1616 1617
1617 1618
1618 1619
1619 1620
1620 1621
1621 1622
1622 1623
1623 1624
1624 1615
1625 1626
1626 1627
1627 1628
1628 1629
1629 1630
1630 1631
1631 1632
1632 1625
1633 1634
1634 1635
1635 1636
1636 1637
1637 1638
1638 1639
1639 1640
1640 1641
1641 1642
1642 1633
1643 1644
1644 1645
1645 1646
1646 1647
1647 1648
1648 1649
1649 1650
1650 1643
1651 1652
1652 1695
1695 1696
1696 1653
1653 1654
1654 1655
1655 1656
1656 1657
1657 1651
1658 1659
1659 1660
1660 1661
1661 1662
1662 1663
1663 1664
1664 1665
1665 1658
1666 1667
1667 1668
1668 1669
1669 1670
1670 1671
1671 1666
1672 1673
1673 1674
1674 1675
1675 1693
1693 1694
1694 1692
1692 1676
1676 1672
1677 1678
1678 1679
1679 1680
1680 1677
1681 1682
1682 1683
1683 1684
1684 1681
65 69
69 71
71 901
901 78
1457 1450
1450 1456
1456 1453
1453 1517
1517 1472
1472 87
1686 1688
1688 1687
1687 1691
1691 1689
18 1690
1690 1691
1699 1700
1700 1701
1701 1702
1702 1703
1703 1704
1704 1705
1705 1706
1706 1707
1707 1699
1709 1710
1710 1711
1711 1712
1712 1713
1713 1709
1513 1512
1512 1511
1511 1510
1510 1509
1509 1508
1508 1507
1507 1506
1506 1397
1397 994
994 993
993 1513
992 991
991 990
990 989
989 988
988 987
987 992
986 985
985 949
949 948
948 986
908 847
847 846
846 691
691 690
690 689
689 908
688 687
687 131
131 122
122 688
114 114
21 20
1680 1251
1680 1284
1617 1202
1618 1383
1641 1290
1640 1604
1559 1560
1557 1252
235 253
235 256
243 255
246 254
239 255
242 243
882 239
882 235
824 1008
816 1624
1614 8
1614 729
447 173
447 175
1118 199
1126 178
1716 214
1697 445
598 423
600 426
9 558
9 592
535 470
535 991
985 438
985 593
942 859
941 1518
228 873
221 457
143 140
143 148
994 232
994 453
156 147
154 874
1714 1397
1714 219
885 143
885 446
464 230
461 1397
1455 640
1455 1476
420 248
439 251
459 877
459 440
476 1030
476 495
536 441
538 437
237 249
237 441
245 443
245 1024
1019 248
1017 417
3 261
3 498
1710 258
1711 264
1022 500
1023 261
884 263
884 499
1556 359
1556 340
1344 951
1344 375
1509 298
1509 266
702 907
702 1081
1062 1038
1061 299
697 302
710 1045
715 1034
715 1163
902 749
902 127
709 1391
695 393
719 1060
721 66
186 325
186 971
194 1110
194 383
718 706
704 1132
711 327
711 1100
1510 1156
1510 1043
702 1100
696 1049
720 1180
720 1168
717 296
714 1051
1128 1073
1128 301
1172 1193
1173 1170
18 78
18 1636
824 760
825 1626
165 335
166 182
170 956
169 1133
176 1389
191 381
1096 404
1092 316
180 1118
180 391
706 321
706 1521
1608 76
1608 1575
1698 1333
887 317
698 1116
698 388
1612 1273
1612 1610
1451 1448
1451 1431
21 1477
21 1433
730 1516
730 914
685 908
685 853
859 850
859 908
857 846
857 859
855 1705
855 1701
690 122
690 1700
1558 894
1559 1691
599 548
598 535
237 502
237 990
7 664
7 671
288 672
288 673
648 644
648 660
22 677
22 652
1225 1069
1224 1086
904 277
904 1107
703 1043
696 278
1229 1056
1229 697
705 276
705 1039
1654 894
1654 1203
1618 1604
1618 1241
1641 1248
1640 1491
1557 1299
1556 1222
1680 1272
1680 413
636 1429
636 1433
1445 652
1447 637
1480 1443
623 1448
22 637
22 1433
7 636
7 637
647 64
650 619
857 864
858 691
597 417
600 573
494 563
494 475
596 481
596 501
237 529
236 481
683 504
683 570
1417 1440
1417 1415
1402 1441
1403 1458
1474 1464
1474 1476
1484 1417
1482 1440
1451 1422
1451 1423
1614 826
1614 1620
816 1000
824 1499