9.743119999999999559e-01 1.851069999999999993e+00
1.155750000000000055e+00 1.934949999999999948e+00
1.288110000000000088e+00 1.193659999999999943e+00
1.545350000000000001e+00 1.102319999999999967e+00
1.914449999999999985e+00 7.077440000000000397e-01
6.617619999999999614e-01 6.499559999999999782e-01
6.083239999999999759e-01 1.061930000000000041e+00
1.482599999999999918e+00 3.069580000000000086e-01
1.376339999999999897e+00 1.566480000000000095e+00
1.782100000000000017e+00 1.035830000000000028e+00
2.048039999999999861e+00 9.948179999999999801e-01
1.438479999999999981e+00 8.121340000000000225e-01
1.680190000000000072e+00 8.171049999999999702e-01
2.485489999999999922e-01 1.051979999999999915e+00
3.262209999999999832e-01 1.369510000000000005e+00
1.662169999999999925e+00 2.802390000000000159e-01
8.239400000000000057e-01 1.656579999999999941e+00
1.096719999999999917e+00 1.542249999999999899e+00
1.724930000000000074e+00 1.422940000000000094e+00
1.022780000000000022e+00 9.270880000000000232e-01
8.463100000000000067e-01 1.234050000000000091e+00
8.394749999999999712e-01 8.599799999999999667e-01
2.028160000000000185e+00 1.416730000000000045e+00
1.547840000000000105e+00 1.253929999999999989e+00
1.861010000000000053e+00 1.225970000000000004e+00
1.664660000000000029e+00 1.253309999999999924e+00
1.553430000000000089e+00 1.269460000000000033e+00
1.804470000000000018e+00 1.217889999999999917e+00
1.245230000000000059e+00 1.521120000000000028e+00
1.198630000000000084e+00 1.624889999999999946e+00
1.081190000000000095e+00 1.890840000000000076e+00
1.061299999999999910e+00 1.882139999999999924e+00
1.010969999999999924e+00 1.995849999999999902e+00
1.014080000000000092e+00 2.036859999999999893e+00
9.954389999999999628e-01 2.026920000000000055e+00
1.142079999999999984e+00 1.753509999999999902e+00
1.111010000000000053e+00 1.823730000000000073e+00
1.121580000000000021e+00 1.744809999999999972e+00
1.225970000000000004e+00 1.502480000000000038e+00
1.020289999999999919e+00 2.026920000000000055e+00
1.001030000000000086e+00 2.016980000000000217e+00
1.301779999999999937e+00 1.306130000000000013e+00
1.297430000000000083e+00 1.330359999999999987e+00
1.301150000000000029e+00 1.291209999999999969e+00
1.226590000000000069e+00 1.070629999999999971e+00
1.246469999999999967e+00 1.065649999999999986e+00
1.263870000000000049e+00 1.465200000000000058e+00
1.275060000000000082e+00 1.483840000000000048e+00
1.240879999999999983e+00 1.462709999999999955e+00
1.279409999999999936e+00 1.309229999999999894e+00
1.281269999999999909e+00 1.293700000000000072e+00
1.196139999999999981e+00 9.500790000000000068e-01
1.216029999999999944e+00 9.444869999999999655e-01
2.110180000000000167e+00 1.191170000000000062e+00
2.108319999999999972e+00 1.175019999999999953e+00
2.153680000000000039e+00 1.184339999999999948e+00
1.994609999999999994e+00 1.190549999999999997e+00
1.138349999999999973e+00 7.120929999999999760e-01
1.179370000000000029e+00 7.947359999999999980e-01
1.159480000000000066e+00 8.071629999999999638e-01
1.278159999999999963e+00 1.191789999999999905e+00
1.276299999999999990e+00 1.184339999999999948e+00
1.092989999999999906e+00 1.336570000000000036e+00
7.301130000000000120e-01 1.388149999999999995e+00
9.699630000000000196e-01 1.338440000000000074e+00
7.226559999999999651e-01 1.373860000000000081e+00
7.214139999999999997e-01 1.390009999999999968e+00
1.816889999999999894e+00 8.108910000000000284e-01
1.820619999999999905e+00 8.171049999999999702e-01
1.613080000000000069e+00 1.056959999999999900e+00
1.457119999999999971e+00 1.100449999999999928e+00
1.777130000000000098e+00 8.680579999999999963e-01
1.897049999999999903e+00 7.301130000000000120e-01
1.678949999999999942e+00 1.012839999999999963e+00
1.609979999999999967e+00 1.046389999999999931e+00
1.675839999999999996e+00 1.001649999999999929e+00
1.908239999999999936e+00 7.058790000000000342e-01
1.915689999999999893e+00 6.990439999999999987e-01
1.705049999999999955e+00 9.544289999999999718e-01
1.716849999999999987e+00 9.519429999999999836e-01
1.708779999999999966e+00 9.649919999999999609e-01
1.518629999999999924e+00 1.071870000000000100e+00
1.199249999999999927e+00 2.111419999999999852e+00
1.139599999999999946e+00 2.087190000000000101e+00
1.135869999999999935e+00 2.096509999999999874e+00
1.370749999999999913e+00 2.317720000000000058e-01
1.278790000000000093e+00 2.727829999999999977e-01
7.444049999999999834e-01 1.457740000000000036e+00
7.319769999999999888e-01 1.460849999999999982e+00
7.226559999999999651e-01 1.408029999999999893e+00
7.748519999999999852e-01 1.451529999999999987e+00
1.351490000000000080e+00 7.481330000000000480e-01
1.240259999999999918e+00 7.779589999999999561e-01
1.352109999999999923e+00 9.059610000000000163e-01
1.425429999999999975e+00 1.021539999999999893e+00
1.985910000000000064e+00 6.456060000000000132e-01
1.990879999999999983e+00 6.543050000000000255e-01
1.809439999999999937e+00 9.246029999999999527e-01
1.599409999999999998e+00 2.895599999999999841e-01
1.729899999999999993e+00 2.541410000000000058e-01
1.916309999999999958e+00 9.836329999999999796e-01
1.836780000000000079e+00 3.429980000000000251e-01
1.581390000000000073e+00 2.945309999999999873e-01
1.568969999999999976e+00 2.541410000000000058e-01
1.883380000000000054e+00 4.082419999999999938e-01
1.824969999999999981e+00 2.106449999999999989e-01
1.839259999999999895e+00 3.088219999999999854e-01
1.763460000000000027e+00 9.556710000000000482e-01
1.769050000000000011e+00 3.852509999999999962e-02
1.589469999999999938e+00 2.342579999999999940e-01
1.862249999999999961e+00 8.898059999999999858e-01
1.963540000000000063e+00 3.914650000000000074e-01
1.540380000000000082e+00 3.050939999999999763e-01
1.508070000000000022e+00 3.125499999999999945e-01
1.829320000000000057e+00 0.000000000000000000e+00
1.526089999999999947e+00 2.963950000000000196e-01
1.560270000000000046e+00 1.429159999999999875e-01
1.804470000000000018e+00 1.304879999999999929e-01
1.491290000000000004e+00 1.764699999999999880e-01
1.427910000000000013e+00 3.784159999999999746e-01
1.435990000000000100e+00 4.156980000000000119e-01
1.088649999999999896e+00 5.822260000000000213e-01
1.592580000000000107e+00 9.817690000000000028e-01
1.576419999999999932e+00 9.208739999999999704e-01
1.506210000000000049e+00 6.667330000000000201e-01
1.534170000000000034e+00 7.692590000000000261e-01
1.552810000000000024e+00 8.357459999999999889e-01
1.611220000000000097e+00 8.133770000000000167e-01
1.536030000000000006e+00 9.948179999999999801e-01
1.975340000000000096e+00 4.511169999999999902e-01
2.130689999999999973e+00 7.885219999999999452e-01
2.079110000000000014e+00 8.146200000000000108e-01
2.051769999999999872e+00 7.649099999999999788e-01
2.169210000000000083e+00 9.867399999999999505e-01
2.109560000000000102e+00 8.724070000000000435e-01
1.641669999999999963e+00 1.587609999999999966e+00
1.500620000000000065e+00 1.626130000000000075e+00
1.619299999999999962e+00 1.511179999999999968e+00
1.606249999999999956e+00 1.463330000000000020e+00
1.324149999999999938e+00 1.674600000000000088e+00
1.587609999999999966e+00 1.397469999999999990e+00
1.939300000000000024e+00 1.023400000000000087e+00
2.202139999999999986e+00 1.049500000000000099e+00
1.971619999999999928e+00 1.081809999999999938e+00
2.090920000000000112e+00 1.065029999999999921e+00
2.020080000000000098e+00 1.074969999999999981e+00
1.478869999999999907e-01 1.498750000000000027e+00
1.398089999999999888e-01 1.483840000000000048e+00
1.665280000000000094e-01 1.472029999999999950e+00
1.385659999999999947e-01 1.280650000000000066e+00
1.808190000000000075e-01 1.448420000000000041e+00
1.690129999999999966e-01 1.413000000000000034e+00
2.069169999999999898e-01 1.440339999999999954e+00
2.367430000000000090e-01 1.468299999999999939e+00
2.168589999999999962e-01 1.493160000000000043e+00
1.957319999999999893e-01 1.498750000000000027e+00
2.330149999999999999e-01 1.449659999999999949e+00
1.733629999999999893e-01 1.488809999999999967e+00
9.078260000000000218e-01 1.814410000000000078e+00
9.705840000000000023e-01 1.680190000000000072e+00
1.015320000000000000e+00 1.861629999999999896e+00
1.072489999999999943e+00 1.724310000000000009e+00
1.028370000000000006e+00 1.704429999999999890e+00
1.522360000000000102e-01 1.007249999999999979e+00
1.460229999999999861e-01 9.935749999999999860e-01
2.821029999999999927e-01 8.966410000000000213e-01
2.895599999999999841e-01 9.152820000000000400e-01
6.027319999999999900e-02 1.098589999999999955e+00
4.846709999999999907e-02 1.130900000000000016e+00
2.982589999999999894e-02 1.123439999999999994e+00
2.485489999999999922e-02 1.109150000000000080e+00
3.666099999999999914e-02 1.119709999999999983e+00
3.044729999999999936e-01 9.805260000000000087e-01
8.780000000000000027e-01 1.878409999999999913e+00
8.947770000000000445e-01 1.961670000000000025e+00
8.519020000000000481e-01 1.939300000000000024e+00
8.463100000000000067e-01 1.949869999999999992e+00
7.897650000000000503e-01 1.920660000000000034e+00
6.002459999999999463e-01 9.531859999999999777e-01
9.190099999999999936e-01 1.986529999999999907e+00
7.294920000000000293e-01 1.875920000000000032e+00
7.238989999999999592e-01 1.886490000000000000e+00
3.933289999999999842e-01 1.440960000000000019e+00
3.914650000000000074e-01 1.426050000000000040e+00
5.517790000000000195e-01 1.416730000000000045e+00
3.454829999999999846e-01 1.191789999999999905e+00
1.119709999999999983e+00 1.096719999999999917e+00
1.021539999999999893e+00 1.119089999999999918e+00
3.287059999999999982e-01 1.099830000000000085e+00
9.351660000000000528e-01 1.077460000000000084e+00
1.109769999999999923e+00 3.436190000000000078e-01
1.002899999999999903e+00 3.889790000000000192e-01
6.387709999999999777e-01 6.219940000000000468e-01
4.846710000000000185e-01 7.897650000000000503e-01
6.437420000000000364e-01 6.058379999999999876e-01
1.049500000000000099e+00 3.678529999999999855e-01
8.543880000000000363e-01 4.759720000000000062e-01
4.753499999999999948e-01 7.792010000000000325e-01
8.512809999999999544e-01 4.691359999999999975e-01
6.555480000000000196e-01 1.069379999999999997e+00
6.897240000000000038e-01 1.159480000000000066e+00
6.039740000000000109e-01 9.612640000000000073e-01
5.045549999999999757e-01 1.214159999999999906e+00
3.548040000000000083e-01 1.238399999999999945e+00
5.368659999999999544e-01 1.259519999999999973e+00
8.394749999999999712e-01 1.026510000000000034e+00
5.070400000000000462e-01 1.217270000000000074e+00
7.145789999999999642e-01 1.321660000000000057e+00
7.568319999999999492e-01 1.145189999999999930e+00
7.332199999999999829e-01 1.121580000000000021e+00
7.499970000000000248e-01 1.138349999999999973e+00
6.679760000000000142e-01 1.855420000000000069e+00
5.679349999999999676e-01 1.644770000000000065e+00
5.405940000000000190e-01 8.574939999999999785e-01
1.261390000000000011e+00 1.806329999999999991e+00
1.201109999999999900e+00 1.946139999999999981e+00
1.289349999999999996e+00 1.741710000000000091e+00
1.230939999999999923e+00 1.877170000000000005e+00
1.314820000000000100e+00 1.676460000000000061e+00
1.781479999999999952e+00 7.506180000000000074e-01
1.477000000000000091e+00 5.604780000000000317e-01
2.199040000000000106e+00 1.161969999999999947e+00
2.017599999999999838e+00 1.646020000000000039e+00
0.000000000000000000e+00 1.061930000000000041e+00