0 18 7 4 13 2 20 10 6 
0 8 18 12 4 13 2 20 6 
0 18 7 4 21 16 20 10 6 
0 18 12 4 13 2 20 10 6 
0 18 12 4 13 2 20 10 6 
0 8 18 12 19 17 1 14 2 20 10 6 
0 18 7 4 13 2 20 10 6 
0 18 7 4 21 16 20 10 6 
0 8 18 7 4 21 16 20 10 6 
0 18 12 19 17 1 14 2 20 10 6 
0 8 18 12 19 17 1 14 2 20 10 6 
0 18 7 4 21 16 20 10 6 
0 18 7 11 21 16 20 6 
0 18 7 4 13 14 9 10 6 
0 18 7 4 21 16 20 10 6 
0 8 18 7 4 13 2 20 10 6 
0 18 12 4 13 2 20 10 6 
0 8 18 12 19 17 1 14 2 16 20 10 6 
0 8 18 7 11 3 16 20 10 6 
0 18 12 4 13 2 20 10 6 
0 18 7 11 3 16 20 10 6 
0 18 12 19 17 1 14 2 20 10 6 
0 8 18 12 19 5 17 1 14 2 16 20 6 
0 8 18 12 4 13 2 20 10 6 
0 8 18 7 11 21 16 20 10 6 
0 18 7 11 21 16 20 10 6 
0 18 12 4 21 16 20 10 6 
0 8 18 7 11 21 16 20 10 6 
0 8 18 7 4 21 16 20 10 6 
0 18 12 19 17 1 14 2 20 10 6 
0 8 18 7 11 3 16 20 10 6 
0 18 12 4 21 16 20 10 6 
0 8 18 12 4 13 2 20 10 6 
0 8 18 12 19 17 1 14 9 10 6 
0 8 18 7 4 13 2 20 10 6 
0 8 18 7 4 13 1 14 9 10 6 
0 8 18 12 13 2 20 10 6 
0 18 7 4 13 1 14 9 10 6 
0 18 7 11 3 16 20 10 6 
0 18 12 4 13 2 20 10 6 
0 18 12 4 13 2 20 10 6 
0 18 7 11 3 16 20 10 6 
0 18 7 4 21 16 20 10 6 
0 18 7 4 13 2 20 10 6 
0 18 12 19 17 1 14 9 10 6 
0 18 12 4 13 2 20 10 6 
0 18 12 4 13 2 16 20 10 6 
0 18 7 4 21 16 20 10 6 
0 18 7 4 21 16 20 10 6 
0 18 12 4 21 16 20 10 6 
0 8 18 7 11 21 16 20 10 6 
0 8 18 7 11 21 16 20 10 6 
0 18 7 4 21 16 20 10 6 
0 8 18 12 4 13 2 20 10 6 
0 18 12 4 13 2 20 10 6 
0 18 7 11 3 16 20 10 6 
0 8 18 7 4 21 16 20 10 6 
0 8 18 12 4 21 16 20 10 6 
0 18 12 4 21 16 20 10 6 
0 18 7 4 21 16 20 6 
0 18 7 4 21 16 20 6 
0 18 7 11 21 16 20 10 6 
0 18 7 4 13 2 20 10 6 
0 18 7 4 21 16 20 10 6 
0 18 12 4 13 2 20 10 6 
0 18 7 11 21 16 20 10 6 
0 8 18 12 4 13 1 14 2 16 20 10 6 
0 8 18 7 11 3 16 20 10 6 
0 18 7 11 21 16 20 10 6 
0 18 12 4 13 2 20 10 6 
0 8 18 12 4 21 16 20 6 
0 18 12 4 13 1 14 9 10 6 
0 18 12 4 13 2 16 20 10 6 
0 8 18 7 11 21 16 20 10 6 
0 8 18 12 4 21 16 20 6 
0 18 7 4 21 16 20 10 6 
0 18 12 19 17 13 14 9 10 6 
0 18 12 19 17 1 14 2 16 20 6 
0 8 18 7 11 21 16 20 10 6 
0 8 18 12 19 17 13 2 20 10 6 
0 18 12 13 2 20 10 6 
0 8 18 12 13 1 14 9 10 6 
0 8 18 7 4 21 16 20 10 6 
0 18 12 19 17 1 14 2 20 10 6 
0 8 18 12 4 13 1 14 9 10 6 
0 18 7 11 3 16 20 10 6 
0 8 18 7 11 3 16 20 10 6 
0 18 7 11 21 16 20 6 
0 18 7 4 13 2 20 10 6 
0 8 18 7 11 3 16 20 10 6 
0 18 7 4 13 2 20 10 6 
0 8 18 7 11 21 16 20 6 
0 18 7 4 21 16 20 10 6 
0 8 18 7 11 3 16 20 10 6 
0 18 7 4 13 14 2 20 10 6 
0 18 7 4 21 16 20 10 6 
0 8 18 12 4 21 16 20 10 6 
0 18 12 13 2 20 10 6 
0 8 18 12 13 14 2 20 10 6 
0 18 7 11 3 16 20 10 6 
