0 17 30 17 11.403753673242882
0 17 31 17 9.237021729973362
0 17 158 19 7.592327571963674
0 17 160 17 4.234583408081605
1 17 30 17 8.663074338824517
1 17 31 17 10.821136077140894
1 17 36 17 11.988142474962487
1 17 215 17 4.671986408370628
2 13 41 13 11.329770430154353
2 13 43 13 9.8417702167852
2 13 60 13 1.0124198733727097
2 13 61 13 1.5044550508406795
3 2 69 2 8.151614870686672
3 2 70 2 8.824981473068378
3 2 74 2 8.547047326416296
3 2 81 2 4.051124411814565
4 6 72 6 2.8339586464872872
4 6 76 6 0.6484005320787528
4 6 77 6 0.8787923531756558
4 6 95 6 9.469774360564253
5 7 192 7 3.620026968131582
5 7 193 7 22.56275221731604
5 7 194 7 4.765625167803273
5 7 197 7 22.68340886396928
6 4 178 4 10.904362255537913
6 4 199 4 4.780803986778794
6 4 200 4 12.705102321508477
6 4 201 4 10.07599427153469
7 3 98 3 11.809854573194382
7 3 112 3 5.781005877872832
7 3 113 3 2.6076644032544003
7 3 115 3 4.475440837504157
8 1 28 1 13.873486115609133
8 1 38 1 16.342318348386186
8 1 46 1 15.135104657715432
8 1 139 1 12.005719678553227
9 20 73 20 10.568094719484709
9 20 75 20 11.162195124615954
9 20 78 20 11.208401001480999
9 20 79 20 10.627601455173226
10 10 133 10 12.143896814449683
10 10 141 20 11.243361741045218
10 10 143 10 11.57912970132037
10 10 144 10 8.22704038157102
11 16 91 21 10.799716709710484
11 16 93 21 12.752757673930764
11 16 125 16 10.485629082224891
11 16 126 16 11.674277469719506
12 16 67 20 13.684116265217847
12 16 71 20 10.951516702722067
12 16 127 16 6.907068034991394
12 16 219 16 12.11618144012377
13 18 163 18 10.619306412850134
13 18 164 18 11.799459606693857
13 18 172 18 9.073680560830864
13 18 188 18 9.335291719598276
14 8 150 8 16.543436675612483
14 8 156 8 12.292835692386038
14 8 182 8 9.802339600319922
14 8 183 8 8.633395123588423
15 3 98 3 6.344839352576216
15 3 99 15 7.2584147745909595
15 3 102 3 8.203456383744573
15 3 103 3 9.678504845274391
16 19 87 12 21.41568626614612
16 19 88 12 21.625777736072276
16 19 158 19 17.873771257348025
16 19 159 17 14.853247064531045
17 1 28 1 15.000565656001122
17 1 29 1 13.120601243845515
17 1 38 1 13.523023108757892
17 1 46 1 18.405386439844175
18 14 25 14 18.001891511727333
18 14 135 14 18.45221843031345
18 14 137 14 13.763718429261747
18 14 138 14 12.536464613279128
19 21 51 21 17.48778879132522
19 21 52 21 19.403166674798204
19 21 59 21 18.184855134149412
19 21 189 4 17.403433965743666
20 12 64 12 16.182501818013172
20 12 189 4 18.004393029480344
20 12 200 4 17.34354643549007
20 12 207 12 15.820419862001128
21 4 178 4 25.67447621218396
21 4 189 4 23.760117398910328
21 4 199 4 27.870683760718897
21 4 205 4 16.65300000000002
22 9 24 9 25.363063714780225
22 9 53 10 24.00095706425058
22 9 56 10 22.86547504426706
22 9 222 9 22.95330427193436
23 14 26 14 1.6505423351129134
23 14 27 20 25.914829441846596
24 9 22 9 25.363063714780225
24 9 25 14 19.82442889467436
25 14 18 14 18.001891511727333
25 14 26 14 11.239633179067715
26 14 23 14 1.6505423351129134
26 14 41 13 25.430771006794135
26 14 140 14 13.249465083542034
27 20 56 10 19.209553664778376
28 1 8 1 13.873486115609133
28 1 17 1 15.000565656001122
28 1 29 1 11.375312259450295
28 1 38 1 2.680293267536237
29 1 17 1 13.120601243845515
29 1 35 17 14.050269356848645
30 17 0 17 11.403753673242882
30 17 1 17 8.663074338824517
30 17 39 5 14.908580214091492
30 17 215 17 13.205641370262917
31 17 0 17 9.237021729973362
31 17 1 17 10.821136077140894
31 17 30 17 2.170949331513769
31 17 37 17 14.99773559574912
32 5 31 17 12.435060514529054
33 5 34 5 2.1125588299500735
34 5 40 5 1.1404511431885014
34 5 179 5 8.64450353750868
35 17 36 17 7.67866739740694
35 17 37 17 2.2269710370815323
36 17 1 17 11.988142474962487
36 17 30 17 7.343694233830798
37 17 35 17 2.2269710370815323
37 17 38 1 26.385810770184797
37 17 161 17 5.319847836169751
38 1 8 1 16.342318348386186
38 1 17 1 13.523023108757892
38 1 48 1 4.247306205114017
39 5 33 5 1.1720396750963338
39 5 83 5 13.366880339106809
40 5 32 5 2.3351241936993863
40 5 39 5 2.167374448497512
41 13 2 13 11.329770430154353
41 13 42 13 2.461738003931371
41 13 49 13 2.2583775149429828
42 13 46 1 13.895358649563537
43 13 2 13 9.8417702167852
43 13 23 14 24.949099081930807
43 13 41 13 1.4933295014831687
44 13 45 13 2.049426261176514
44 13 59 21 27.187977524817853
44 13 186 13 11.00182825715799
45 13 44 13 2.049426261176514
45 13 61 13 12.23811464237854
45 13 94 2 18.431596159855513
46 1 8 1 15.135104657715432
46 1 17 1 18.405386439844175
46 1 47 1 2.17408762472906
47 1 28 1 4.774544271446216
48 1 46 1 2.3124450263736094
48 1 49 13 15.82424446853623
49 13 50 13 1.5640987820467058
49 13 62 13 18.841415021170782
50 13 43 13 2.003533129249454
50 13 44 13 22.967395868926886
51 21 19 21 17.48778879132522
52 21 19 21 19.403166674798204
52 21 45 13 12.492824408035192
52 21 51 21 2.0661136561186475
52 21 126 16 35.39002309705379
53 10 22 9 24.00095706425058
53 10 24 9 25.158841169656473
53 10 54 10 1.625675551886059
54 10 53 10 1.625675551886059
54 10 144 10 11.13578021514434
54 10 221 10 9.165381006810358
55 10 53 10 4.4032929723105765
56 10 22 9 22.86547504426706
56 10 54 10 11.476560896017569
56 10 143 10 11.114372541893683
57 21 58 21 9.226324213358218
57 21 121 11 13.905224805446332
58 21 52 21 15.417301190869948
58 21 59 21 2.3452983370991256
58 21 92 21 6.31590043382573
59 21 19 21 18.184855134149412
59 21 57 21 9.73898444397566
59 21 58 21 2.3452983370991256
60 13 2 13 1.0124198733727097
60 13 43 13 10.204350297789686
61 13 2 13 1.5044550508406795
61 13 60 13 0.767867827168184
61 13 81 2 26.71578742990743
62 13 63 12 36.65245060415468
63 12 66 12 0.889562819591739
63 12 87 12 7.104244762112298
64 12 20 12 16.182501818013172
64 12 50 13 31.450551004553137
65 12 63 12 1.6118652207923672
65 12 64 12 24.98305999052159
65 12 207 12 5.282118825812232
66 12 65 12 1.6197686995370748
66 12 184 12 17.17265023955243
67 20 12 16 13.684116265217847
67 20 68 20 0.7247530337984006
67 20 76 6 13.918456323888789
67 20 219 16 6.99049542521844
68 20 67 20 0.7247530337984006
68 20 71 20 6.698946416415029
68 20 110 20 8.37764423988033
69 2 3 2 8.151614870686672
69 2 70 2 16.1910165523972
69 2 74 2 1.1015212208577627
70 2 3 2 8.824981473068378
70 2 23 14 17.828692829257026
70 2 60 13 20.092206747891073
71 20 12 16 10.951516702722067
71 20 79 20 10.329749089401936
72 6 4 6 2.8339586464872872
72 6 68 20 11.579789706207961
73 20 9 20 10.568094719484709
73 20 69 2 7.928071203010211
74 2 3 2 8.547047326416296
74 2 69 2 1.1015212208577627
74 2 75 20 7.9619138402773615
74 2 122 2 6.692259439830456
75 20 9 20 11.162195124615954
75 20 78 20 5.552519194924042
76 6 4 6 0.6484005320787528
76 6 77 6 1.0110377094846756
77 6 4 6 0.8787923531756558
77 6 95 6 8.824096692579934
78 20 9 20 11.208401001480999
78 20 67 20 18.19652248205683
78 20 79 20 1.205902964587124
78 20 122 2 11.574530876022568
79 20 9 20 10.627601455173226
79 20 78 20 1.205902964587124
79 20 80 20 1.5342793129023267
80 20 73 20 5.638492709935868
81 2 3 2 4.051124411814565
81 2 74 2 9.483698065628191
83 5 82 5 6.438334722581602
83 5 84 5 1.0038690153600358
83 5 215 17 15.387846697962665
84 5 33 5 13.561315054226835
84 5 83 5 1.0038690153600358
85 3 118 3 13.262052180563913
85 3 119 3 15.73903692606381
85 3 190 11 28.393716172597063
86 3 85 3 10.069033578750233
87 12 16 19 21.41568626614612
87 12 88 12 1.2811217116261868
87 12 90 12 3.107384606063427
87 12 212 19 25.714175429128584
88 12 16 19 21.625777736072276
88 12 87 12 1.2811217116261868
88 12 89 12 5.363612067441131
89 12 66 12 1.8062750731823682
90 12 159 17 30.099237768421997
91 21 11 16 10.799716709710484
91 21 58 21 17.831750898047005
92 21 124 16 28.827179115549974
93 21 11 16 12.752757673930764
93 21 52 21 14.142849456881018
94 2 45 13 18.431596159855513
94 2 128 2 11.378235928297501
95 6 4 6 9.469774360564253
95 6 96 6 1.0018657644614812
96 6 72 6 12.062720159234406
96 6 95 6 1.0018657644614812
96 6 132 6 12.625790321797673
97 20 107 20 5.549217083517277
98 3 7 3 11.809854573194382
98 3 15 3 6.344839352576216
98 3 99 15 13.521148494488187
98 3 109 3 5.618820876304921
98 3 113 3 9.41888300171521
99 15 15 3 7.2584147745909595
99 15 98 3 13.521148494488187
99 15 105 15 10.454762989183427
99 15 106 15 12.226864422655527
100 20 110 20 10.828660826251788
100 20 143 10 11.268504527664712
101 15 111 15 13.570979216327775
102 3 15 3 8.203456383744573
102 3 98 3 1.869308002978635
103 3 15 3 9.678504845274391
103 3 115 3 6.0200456111229
104 15 106 15 10.876999034660253
105 15 99 15 10.454762989183427
105 15 106 15 9.92115287101252
105 15 117 22 8.273690016552464
106 15 99 15 12.226864422655527
106 15 101 15 3.4265863129359584
106 15 105 15 9.92115287101252
107 20 73 20 10.203055748647076
108 22 105 15 18.097598287068365
108 22 114 22 7.153080616077256
108 22 116 3 23.34235386648269
109 3 98 3 5.618820876304921
109 3 116 3 9.589578178418481
110 20 68 20 8.37764423988033
110 20 97 20 6.3243397354980875
110 20 100 20 10.828660826251788
111 15 104 15 8.189684565964694
111 15 114 22 41.38355405532492
111 15 129 15 6.080790330212016
112 3 7 3 5.781005877872832
112 3 102 3 4.234851908862929
113 3 7 3 2.6076644032544003
113 3 119 3 10.374948460594892
114 22 108 22 7.153080616077256
114 22 111 15 41.38355405532492
115 3 7 3 4.475440837504157
115 3 109 3 8.875827380588264
115 3 113 3 2.420133105843532
116 3 108 22 23.34235386648269
116 3 109 3 9.589578178418481
116 3 118 3 7.670796122958838
117 22 108 22 9.854821853493851
118 3 85 3 13.262052180563913
118 3 115 3 12.487211708383903
118 3 116 3 7.670796122958838
119 3 85 3 15.73903692606381
119 3 115 3 12.793262617878195
119 3 120 3 3.81475284127295
120 3 119 3 3.81475284127295
120 3 124 16 26.067109472475074
121 11 191 11 21.141775116815523
122 2 78 20 11.574530876022568
122 2 94 2 17.181634072753386
122 2 123 2 6.300275093200301
123 2 122 2 6.300275093200301
123 2 126 16 8.834143129924936
124 16 91 21 17.482630923290703
124 16 125 16 10.627013821389337
124 16 220 16 11.01968653138554
125 16 11 16 10.485629082224891
125 16 124 16 10.627013821389337
125 16 126 16 6.905049434290828
126 16 11 16 11.674277469719506
126 16 93 21 21.26279290803541
126 16 123 2 8.834143129924936
126 16 125 16 6.905049434290828
126 16 219 16 24.40015272165319
127 16 12 16 6.907068034991394
127 16 126 16 6.2546784577626475
128 2 122 2 5.803601382762258
130 6 131 6 5.78065913542737
131 6 96 6 18.29902514479938
131 6 134 6 6.531875587455727
132 6 131 6 5.6732351440778555
133 10 10 10 12.143896814449683
133 10 131 6 19.427636088829747
133 10 142 10 7.08745546723224
134 6 133 10 12.89579675281833
135 14 18 14 18.45221843031345
135 14 137 14 7.9636435128652
135 14 139 1 32.92206106852973
136 14 135 14 14.621522800310498
137 14 18 14 13.763718429261747
137 14 138 14 4.959763099181249
138 14 18 14 12.536464613279128
138 14 140 14 6.844698094145583
139 1 8 1 12.005719678553227
139 1 218 1 0.9513595534812215
140 14 26 14 13.249465083542034
140 14 135 14 19.76757526860592
141 20 10 10 11.243361741045218
141 20 100 20 4.593423983261299
142 10 133 10 7.08745546723224
142 10 144 10 11.229901735990373
143 10 10 10 11.57912970132037
143 10 56 10 11.114372541893683
143 10 141 20 6.675560276111655
143 10 145 10 4.8940343276278755
144 10 10 10 8.22704038157102
144 10 54 10 11.13578021514434
144 10 142 10 11.229901735990373
144 10 145 10 7.153397234880786
145 10 143 10 4.8940343276278755
145 10 144 10 7.153397234880786
146 8 147 8 1.6957658564790001
147 8 146 8 1.6957658564790001
147 8 148 8 2.9212686644675516
148 8 150 8 2.759827496420738
149 8 152 8 17.37030664697661
150 8 14 8 16.543436675612483
150 8 151 8 3.7335747427900805
150 8 152 8 2.7320175768102253
151 8 169 0 32.127564863588724
152 8 156 8 2.771223563698903
153 8 154 8 3.183383508156078
154 8 155 8 2.1854020888614523
155 8 157 8 2.44780669375668
156 8 14 8 12.292835692386038
156 8 153 8 1.9009144746673667
156 8 183 8 16.019935892505938
157 8 146 8 2.734648379591057
157 8 148 8 1.8118654061491402
158 19 0 17 7.592327571963674
158 19 16 19 17.873771257348025
158 19 159 17 14.816738832820127
158 19 160 17 11.74082128132439
158 19 173 19 7.060871246524733
159 17 16 19 14.853247064531045
159 17 158 19 14.816738832820127
159 17 162 17 6.2664179528658845
160 17 0 17 4.234583408081605
160 17 31 17 5.034700090372818
161 17 159 17 11.104686954615147
162 17 37 17 10.158074866823933
163 18 13 18 10.619306412850134
163 18 167 0 12.96154010287358
164 18 13 18 11.799459606693857
164 18 165 18 16.70747340443791
165 18 166 18 2.0077194276093397
165 18 197 7 22.613393511147322
166 18 163 18 16.52755093775239
166 18 165 18 2.0077194276093397
166 18 185 18 28.21064621610075
167 0 168 0 3.439942001269797
167 0 171 0 3.167949476932995
168 0 149 8 17.476519756865205
169 0 170 0 1.5129935260932101
170 0 164 18 16.74493627417256
170 0 171 0 1.5839747384664928
170 0 223 0 5.336191951204537
171 0 168 0 1.6266533042108262
171 0 169 0 0.7786622631796105
172 18 13 18 9.073680560830864
172 18 166 18 6.69266546676285
173 19 158 19 7.060871246524733
173 19 175 19 6.624724676543191
174 5 40 5 11.978687786648445
175 19 173 19 6.624724676543191
175 19 174 5 4.835992685064766
175 19 176 19 1.1958066900632307
176 19 175 19 1.1958066900632307
176 19 177 19 6.364401876845926
177 19 181 19 7.42018790597651
178 4 6 4 10.904362255537913
178 4 21 4 25.67447621218396
178 4 201 4 0.8896744797958462
178 4 213 7 11.276222757643627
179 5 176 19 8.142017931692358
180 19 175 19 13.784495819579327
180 19 181 19 1.1958534567412442
181 19 180 19 1.1958534567412442
181 19 211 19 6.397442324085457
182 8 14 8 9.802339600319922
182 8 153 8 15.895487094140892
182 8 183 8 1.5026063889122638
183 8 14 8 8.633395123588423
183 8 65 12 33.527790649101824
183 8 182 8 1.5026063889122638
183 8 203 18 19.119767629602645
184 12 182 8 16.029190684498083
185 18 188 18 9.347785475180721
185 18 203 18 4.753286379969128
186 13 189 4 18.554631641722228
187 13 44 13 21.069853843821516
188 18 13 18 9.335291719598276
188 18 172 18 12.174022632228024
189 4 19 21 17.403433965743666
189 4 20 12 18.004393029480344
189 4 21 4 23.760117398910328
189 4 187 13 9.588287008637131
189 4 205 4 10.840973194782855
190 11 191 11 11.60979177246517
191 11 57 21 35.035604675244294
191 11 195 11 5.116510408471797
191 11 196 11 17.211506672281768
192 7 5 7 3.620026968131582
192 7 193 7 22.78023670662796
193 7 5 7 22.56275221731604
193 7 166 18 23.19974560420868
193 7 178 4 20.015994570842587
193 7 197 7 1.408826238398477
194 7 5 7 4.765625167803273
194 7 198 11 24.851533820873097
195 11 86 3 24.82180674326507
196 11 192 7 26.040951436727504
197 7 5 7 22.68340886396928
197 7 193 7 1.408826238398477
197 7 194 7 24.16828405845149
198 11 191 11 17.15035445989383
198 11 196 11 0.7508950991982868
199 4 6 4 4.780803986778794
199 4 21 4 27.870683760718897
199 4 178 4 12.86831645554305
200 4 6 4 12.705102321508477
200 4 20 12 17.34354643549007
200 4 199 4 9.636394022662214
200 4 204 12 18.26843446056612
200 4 207 12 16.4073530543473
200 4 209 4 5.7691524646173225
201 4 6 4 10.07599427153469
201 4 200 4 21.596908379673234
202 4 206 4 0.39808698798128017
203 18 183 8 19.119767629602645
203 18 185 18 4.753286379969128
203 18 202 4 15.170016348376159
204 12 203 18 18.328291312612855
205 4 21 4 16.65300000000002
205 4 209 4 14.257780305854048
206 4 200 4 19.160670122936708
207 12 20 12 15.820419862001128
207 12 65 12 5.282118825812232
207 12 200 4 16.4073530543473
208 4 189 4 19.076259710960116
209 4 189 4 20.670936436455904
209 4 200 4 5.7691524646173225
209 4 210 4 2.3721311704878336
210 4 208 4 0.9669685879075854
213 7 193 7 8.783279211091944
214 17 215 17 15.225148439342059
214 17 216 1 7.040955901012297
215 17 1 17 4.671986408370628
215 17 82 5 16.529046554474935
215 17 83 5 15.387846697962665
215 17 217 17 7.51444595429363
216 1 136 14 24.08189139166608
217 17 214 17 7.710712094223208
218 1 214 17 14.043141315247095
219 16 12 16 12.11618144012377
219 16 67 20 6.99049542521844
219 16 127 16 18.145842411141988
220 16 120 3 15.047613930454224
222 9 22 9 22.95330427193436
