1 31
1 32
1 159
1 161
2 31
2 32
2 37
2 216
3 42
3 44
3 61
3 62
4 70
4 71
4 75
4 82
5 73
5 77
5 78
5 96
6 193
6 194
6 195
6 198
7 179
7 200
7 201
7 202
8 99
8 113
8 114
8 116
9 29
9 39
9 47
9 140
10 74
10 76
10 79
10 80
11 134
11 142
11 144
11 145
12 92
12 94
12 126
12 127
13 68
13 72
13 128
13 220
14 164
14 165
14 173
14 189
15 151
15 157
15 183
15 184
16 99
16 100
16 103
16 104
17 88
17 89
17 159
17 160
18 29
18 30
18 39
18 47
19 26
19 136
19 138
19 139
20 52
20 53
20 60
20 190
21 65
21 190
21 201
21 208
22 179
22 190
22 200
22 206
23 25
23 54
23 57
23 223
24 27
24 28
25 23
25 26
26 19
26 27
27 24
27 42
27 141
28 57
29 9
29 18
29 30
29 39
30 18
30 36
31 1
31 2
31 40
31 216
32 1
32 2
32 31
32 38
33 32
34 35
35 41
35 180
36 37
36 38
37 2
37 31
38 36
38 39
38 162
39 9
39 18
39 49
40 34
40 84
41 33
41 40
42 3
42 43
42 50
43 47
44 3
44 24
44 42
45 46
45 60
45 187
46 45
46 62
46 95
47 9
47 18
47 48
48 29
49 47
49 50
50 51
50 63
51 44
51 45
52 20
53 20
53 46
53 52
53 127
54 23
54 25
54 55
55 54
55 145
55 222
56 54
57 23
57 55
57 144
58 59
58 122
59 53
59 60
59 93
60 20
60 58
60 59
61 3
61 44
62 3
62 61
62 82
63 64
64 67
64 88
65 21
65 51
66 64
66 65
66 208
67 66
67 185
68 13
68 69
68 77
68 220
69 68
69 72
69 111
70 4
70 71
70 75
71 4
71 24
71 61
72 13
72 80
73 5
73 69
74 10
74 70
75 4
75 70
75 76
75 123
76 10
76 79
77 5
77 78
78 5
78 96
79 10
79 68
79 80
79 123
80 10
80 79
80 81
81 74
82 4
82 75
84 83
84 85
84 216
85 34
85 84
86 119
86 120
86 191
87 86
88 17
88 89
88 91
88 213
89 17
89 88
89 90
90 67
91 160
92 12
92 59
93 125
94 12
94 53
95 46
95 129
96 5
96 97
97 73
97 96
97 133
98 108
99 8
99 16
99 100
99 110
99 114
100 16
100 99
100 106
100 107
101 111
101 144
102 112
103 16
103 99
104 16
104 116
105 107
106 100
106 107
106 118
107 100
107 102
107 106
108 74
109 106
109 115
109 117
110 99
110 117
111 69
111 98
111 101
112 105
112 115
112 130
113 8
113 103
114 8
114 120
115 109
115 112
116 8
116 110
116 114
117 109
117 110
117 119
118 109
119 86
119 116
119 117
120 86
120 116
120 121
121 120
121 125
122 192
123 79
123 95
123 124
124 123
124 127
125 92
125 126
125 221
126 12
126 125
126 127
127 12
127 94
127 124
127 126
127 220
128 13
128 127
129 123
131 132
132 97
132 135
133 132
134 11
134 132
134 143
135 134
136 19
136 138
136 140
137 136
138 19
138 139
139 19
139 141
140 9
140 219
141 27
141 136
142 11
142 101
143 134
143 145
144 11
144 57
144 142
144 146
145 11
145 55
145 143
145 146
146 144
146 145
147 148
148 147
148 149
149 151
150 153
151 15
151 152
151 153
152 170
153 157
154 155
155 156
156 158
157 15
157 154
157 184
158 147
158 149
159 1
159 17
159 160
159 161
159 174
160 17
160 159
160 163
161 1
161 32
162 160
163 38
164 14
164 168
165 14
165 166
166 167
166 198
167 164
167 166
167 186
168 169
168 172
169 150
170 171
171 165
171 172
171 224
172 169
172 170
173 14
173 167
174 159
174 176
175 41
176 174
176 175
176 177
177 176
177 178
178 182
179 7
179 22
179 202
179 214
180 177
181 176
181 182
182 181
182 212
183 15
183 154
183 184
184 15
184 66
184 183
184 204
185 183
186 189
186 204
187 190
188 45
189 14
189 173
190 20
190 21
190 22
190 188
190 206
191 192
192 58
192 196
192 197
193 6
193 194
194 6
194 167
194 179
194 198
195 6
195 199
196 87
197 193
198 6
198 194
198 195
199 192
199 197
200 7
200 22
200 179
201 7
201 21
201 200
201 205
201 208
201 210
202 7
202 201
203 207
204 184
204 186
204 203
205 204
206 22
206 210
207 201
208 21
208 66
208 201
209 190
210 190
210 201
210 211
211 209
214 194
215 216
215 217
216 2
216 83
216 84
216 218
217 137
218 215
219 215
220 13
220 68
220 128
221 121
223 23
160 63