50
28
76
63
50
36
36
44
4
66
66
63
71
34
28
0
63
63
36
44
95
95
41
13
95
46
46
9
9
63
2
44
2
36
2
46
23
23
23
23
23
59
59
36
52
88
88
86
18
49
6
46
81
49
87
70
59
47
69
5
5
47
5
93
93
58
86
91
69
69
46
81
81
81
81
81
60
60
60
68
31
36
81
81
13
63
18
18
18
5
86
86
86
86
47
49
49
49
61
6
81
61
68
71
71
68
26
26
26
84
84
84
63
9
39
39
39
39
39
9
44
95
69
36
17
59
36
5
38
59
81
50
6
38
43
49
5
43
43
46
18
91
43
36
46
18
49
5
5
59
38
74
39
43
71
1
43
89
13
1
43
49
58
6
18
5
80
40
70
38
80
39
49
83
70
25
43
49
70
43
55
0
66
95
13
98
90
41
13
64
98
50
41
69
95
95
13
13
13
13
13
62
98
98
98
98
98
95
76
76
76
76
76
76
76
76
76
95
95
76
34
71
43
89
28
64
28
64
65
71
68
71
95
28
28
98
90
90
41
69
41
41
41
41
41
41
41
41
41
95
50
50
69
69
69
69
41
41
41
41
41
20
20
20
98
41
41
41
41
41
82
96
96
22
58
64
64
64
64
14
84
84
96
22
22
22
22
22
22
22
22
26
26
1
43
13
13
71
71
95
95
95
30
41
41
41
91
50
50
98
38
25
25
25
25
25
25
25
25
17
68
71
71
89
21
71
84
96
96
96
59
59
63
63
63
63
63
63
59
63
30
30
30
31
7
13
7
7
7
13
7
13
7
7
7
13
64
30
50
98
98
13
98
81
36
10
36
36
81
31
31
31
81
81
31
31
10
10
31
10
36
36
10
40
83
83
40
40
83
83
40
21
63
63
21
21
63
63
21
21
21
21
40
68
21
21
68
68
68
15
68
68
15
89
15
15
89
89
89
89
89
89
89
89
89
71
71
43
43
7
71
71
71
71
7
7
7
7
7
71
71
17
7
7
7
7
35
35
35
35
35
91
80
80
35
35
80
35
35
35
35
35
35
7
17
25
25
25
25
7
7
7
7
80
80
80
80
80
80
80
80
80
80
80
80
25
25
25
80
80
25
80
80
38
70
70
38
25
25
25
25
1
70
70
1
25
25
70
70
70
70
70
61
61
70
70
1
1
1
1
1
1
1
1
1
1
1
36
36
36
36
36
36
36
36
36
36
36
36
36
36
74
87
87
74
87
60
60
87
87
60
60
87
74
87
87
74
74
74
74
15
87
87
15
74
74
74
74
15
15
15
15
74
89
15
15
89
15
60
60
60
68
15
15
60
60
60
60
15
44
83
44
44
83
83
83
44
44
44
44
83
83
64
64
64
28
90
71
71
90
90
90
71
73
73
73
73
73
9
9
9
9
9
73
73
73
73
43
95
84
34
90
78
76
95
78
89
28
67
19
85
85
85
85
85
85
19
19
19
19
86
86
96
57
57
57
57
29
29
3
27
42
77
94
94
21
40
76
76
21
89
79
79
79
79
93
79
79
79
79
79
79
79
79
79
46
46
79
79
79
79
79
6
6
6
6
6
6
6
93
93
93
6
6
81
81
81
81
6
6
58
93
93
93
93
93
58
58
58
58
61
61
61
31
31
70
86
86
86
18
18
18
18
38
88
88
88
88
88
88
88
91
91
91
91
91
91
91
91
91
38
38
38
38
38
38
38
38
38
38
38
38
38
38
47
47
47
47
88
88
86
18
18
18
58
18
49
58
58
58
18
58
95
95
95
95
76
76
95
95
95
13
13
13
13
34
76
76
34
34
34
34
34
34
34
34
34
34
34
34
34
12
12
12
12
12
12
12
34
90
90
90
65
12
90
65
42
64
64
42
56
56
28
28
56
56
56
56
56
56
56
56
64
28
28
28
28
64
64
64
17
17
17
17
17
17
17
17
17
17
17
17
17
43
43
43
43
43
43
43
43
43
43
43
43
43
89
89
89
89
43
68
68
68
68
15
68
68
15
86
86
18
49
22
26
15
26
26
73
93
93
49
58
49
49
6
14
14
14
14
14
14
14
14
14
14
14
14
42
14
42
42
11
28
14
42
11
11
94
94
56
64
56
56
94
94
11
11
13
13
60
60
60
60
40
40
40
40
60
60
60
60
40
40
40
40
60
60
60
60
40
40
40
40
60
60
60
10
40
60
60
31
31
31
10
10
10
10
10
31
31
31
31
31
10
10
10
10
10
31
31
10
10
10
10
10
10
10
10
10
10
10
10
10
10
10
10
10
10
10
10
40
10
83
83
83
83
83
40
40
40
83
83
83
83
83
40
40
83
44
44
44
63
83
83
83
87
87
31
31
31
60
61
31
31
31
31
87
61
61
31
31
31
31
61
31
31
61
61
61
61
61
61
61
61
61
87
87
87
87
87
87
87
87
20
47
93
58
50
91
44
63
44
63
38
38
70
61
70
30
30
30
30
63
44
36
59
46
20
20
23
9
36
44
22
75
8
8
45
45
75
75
75
75
3
3
22
22
75
75
75
75
29
29
45
45
45
45
45
45
45
45
22
22
97
97
22
22
97
97
97
97
97
97
96
96
8
97
97
97
97
97
97
97
97
97
97
97
97
29
29
97
97
97
97
8
57
57
97
97
8
8
57
57
57
57
57
57
57
57
57
57
57
57
57
8
8
8
8
57
96
96
96
96
96
96
22
22
97
97
97
97
75
97
97
8
22
29
29
97
97
97
29
8
57
57
57
73
9
19
94
42
42
42
42
42
42
42
42
42
42
42
42
67
67
67
67
67
67
67
67
27
67
67
67
67
67
67
67
27
27
67
67
67
67
27
27
27
77
77
27
77
77
77
42
27
27
27
27
27
27
67
27
27
67
45
45
45
45
77
77
77
77
45
77
77
45
27
77
77
27
67
45
27
42
42
14
94
94
94
48
48
94
94
94
77
77
77
77
48
48
48
94
3
3
94
77
48
48
48
48
3
48
48
3
75
3
3
75
3
3
3
3
3
3
3
3
3
3
3
3
3
3
3
3
77
77
77
77
45
77
77
45
45
75
77
45
45
45
45
45
45
45
45
45
45
45
45
45
75
75
45
29
29
29
29
29
72
72
29
29
32
32
29
29
29
29
29
29
29
29
29
19
51
51
19
57
19
19
57
19
19
19
19
57
19
19
57
8
85
85
85
85
85
85
19
85
85
19
19
19
19
19
57
19
19
57
57
19
19
57
32
32
32
32
51
51
51
51
51
51
51
51
19
51
51
19
19
85
85
19
51
85
51
51
51
51
51
51
51
51
51
51
32
32
32
32
0
0
0
0
72
72
72
72
72
72
72
72
72
32
32
72
32
32
32
32
32
32
32
32
32
0
0
32
0
0
32
0
72
0
0
72
72
33
33
48
48
33
33
48
48
48
48
48
33
33
33
33
48
33
33
48
48
33
33
48
48
11
11
94
11
11
11
11
11
33
33
11
33
33
33
33
33
33
33
33
33
92
53
33
53
53
82
82
33
53
82
33
37
37
37
37
37
37
37
37
82
82
82
82
82
37
37
82
53
37
37
82
53
53
53
53
53
4
4
53
53
4
4
53
92
53
53
53
37
37
37
37
82
37
37
82
65
82
12
65
65
12
12
65
12
82
37
34
37
82
98
98
98
98
62
62
62
62
62
62
62
62
62
62
62
62
62
62
62
62
62
4
4
62
4
4
4
4
4
4
4
4
53
4
4
53
54
54
24
54
92
24
24
92
92
24
24
92
24
24
24
24
24
66
66
24
24
66
66
24
24
24
24
24
24
24
24
24
24
24
24
92
24
24
92
0
92
92
0
0
0
0
0
0
0
0
0
92
92
92
92
99
92
92
99
0
99
99
0
0
99
99
0
92
92
99
54
92
99
92
54
54
54
54
54
54
54
54
54
99
54
54
99
54
66
66
54
66
66
66
66
66
66
66
66
66
66
54
66
66
54
16
16
54
54
16
16
54
54
99
16
85
99
16
16
16
16
16
66
66
16
16
16
55
55
55
55
55
55
55
55
55
55
55
55
55
55
55
55
55
55
41
41
55
20
20
20
55
55
55
78
67
67
78
67
14
14
78
78
14
14
78
78
78
78
78
27
27
27
27
27
27
27
27
27
27
27
27
27
27
67
67
77
94
94
77
11
65
65
11
11
65
65
11
65
65
65
65
65
65
65
65
40
21
63
21
21
63
68
68
68
15
15
15
1
61
61
61
61
1
70
70
49
70
70
70
2
2
2
2
2
2
39
39
39
39
52
52
52
52
52
52
52
52
52
52
47
47
47
88
88
88
88
88
43
89
89
43
37
37
4
37
37
19
85
85
19
46
46
46
46
23
23
23
23
23
46
96
3
22
22
22
22
22
22
8
8
8
8
96
96
8
8
8
8
96
96
8
8
8
8
96
96
96
8
8
96
96
96
96
96
96
96
8
8
8
8
8
8
8
96
96
96
96
96
96
8
8
8
8
8
8
86
38
38
50
8
14
85
85
47
90
90
34
21
46
23
58
89
58
66
66
76
44
36
23
23
23
23
23
23
23
23
23
23
23
23
23
23
23
23
23
23
23
23
23
23
23
23
23
23
23
23
23
23
23
93
93
93
93
93
93
93
93
93
93
93
93
93
93
93
93
93
93
93
93
93
93
93
93
93
93
93
93
93
93
93
93
93
93
93
93
93
93
93
93
93
93
93
93
93