39.904730 116.212300
39.895810 116.262600
39.895950 116.260800
39.895960 116.261400
39.895960 116.262200
39.895980 116.263000
39.896280 116.264300
39.897330 116.267100
39.897040 116.266300
39.902580 116.263300
39.897450 116.229800
39.898020 116.229800
39.898020 116.229600
39.897720 116.229600
39.897140 116.229700
39.902690 116.246800
39.902590 116.247000
39.902650 116.215000
39.905840 116.230500
39.904040 116.230500
39.904000 116.230700
39.903740 116.230700
39.903740 116.231400
39.903660 116.231500
39.903260 116.231800
39.903260 116.232500
39.903250 116.232700
39.903180 116.232700
39.903190 116.233300
39.903190 116.233400
39.903200 116.233500
39.903200 116.233600
39.903200 116.233700
39.903240 116.234400
39.903450 116.234500
39.903460 116.234700
39.904060 116.234700
39.904140 116.234900
39.904180 116.238500
39.905820 116.245300
39.902660 116.228000
39.895940 116.258500
39.898980 116.258600
39.902600 116.258600
39.895950 116.247000
39.895940 116.246800
39.895950 116.240500
39.896010 116.238600
39.895960 116.237200
39.895940 116.230000
39.895940 116.229900
39.895920 116.215200
39.895850 116.213000
39.896060 116.254100
39.896110 116.263100
39.896060 116.236300
39.905720 116.213100
39.899390 116.234300
39.904220 116.217900
39.897760 116.218900
39.898980 116.208500
39.896960 116.236400
39.899400 116.237000
39.899100 116.212400
39.899280 116.206800
39.903040 116.235400
39.899180 116.217700
39.897090 116.210300
39.902670 116.208500
39.897590 116.237100
39.895940 116.235100
39.904210 116.215100
39.904120 116.236900
39.895970 116.237300
39.897190 116.207800
39.900980 116.214000
39.896060 116.235600
39.900050 116.214700
39.902640 116.217900
39.900040 116.211400
39.896120 116.234800
39.897750 116.217700
39.898420 116.211300
39.899860 116.213700
39.903000 116.235300
39.900080 116.215100
39.902850 116.236700
39.902680 116.237100
39.898370 116.209500
39.899370 116.229800
39.895910 116.217700
39.898520 116.211600
39.897810 116.207000
39.899340 116.217600
39.899430 116.217500
39.897200 116.220000
39.897120 116.208300
39.898700 116.208700
39.896970 116.237100
39.896120 116.235100
39.902850 116.235400
39.897740 116.213900
39.898690 116.206800
39.897520 116.207200
39.899270 116.208500
39.899180 116.234300
39.897230 116.223400
39.896110 116.236300
39.904250 116.222700
39.899390 116.237100
39.897080 116.211600
39.899960 116.214000
39.904080 116.235400
39.896950 116.234800
39.903980 116.236700
39.898370 116.210300
39.904240 116.220700
39.904120 116.237100
39.897590 116.237000
39.901020 116.212700
39.902670 116.236900
39.904080 116.236700
39.895910 116.217600
39.898490 116.209100
39.899370 116.229600
39.900010 116.214300
39.898250 116.206900
39.902670 116.235300
39.900000 116.208500
39.899500 116.217400
39.905840 116.247300
39.905840 116.246400
39.905830 116.229200
39.905840 116.230100
39.905840 116.230200
39.905710 116.214900
39.904690 116.214900
39.902580 116.247200
39.902840 116.247000
39.902840 116.246800
39.902690 116.246600
39.902590 116.246600
39.902840 116.246600
39.899120 116.250300
39.901070 116.251900
39.901080 116.250900
39.901580 116.250700
39.902470 116.250700
39.901580 116.250900
39.902470 116.247300
39.899120 116.247300
39.895930 116.259700
39.896290 116.260300
39.896310 116.261100
39.896640 116.259700
39.896640 116.260300
39.896660 116.261100
39.896950 116.259800
39.896970 116.259900
39.896960 116.260300
39.897380 116.260300
39.897380 116.260900
39.897430 116.259800
39.897430 116.259900
39.897650 116.259800
39.897960 116.259800
39.897960 116.260900
39.898180 116.260900
39.898970 116.260900
39.898980 116.259800
39.899110 116.250800
39.899270 116.250200
39.899300 116.249500
39.899170 116.250800
39.899430 116.249500
39.899430 116.249800
39.899490 116.249900
39.899520 116.249900
39.899540 116.251500
39.899590 116.249200
39.899550 116.250800
39.899570 116.249900
39.899600 116.249400
39.899610 116.249000
39.899640 116.250000
39.899670 116.250000
39.899510 116.250200
39.899710 116.249900
39.899660 116.250200
39.899780 116.249900
39.899720 116.250200
39.899830 116.250000
39.899770 116.250300
39.899780 116.248900
39.899880 116.250000
39.899820 116.250300
39.899830 116.249900
39.899890 116.250100
39.899930 116.250200
39.899860 116.250200
39.899990 116.250600
39.900000 116.250800
39.900160 116.248000
39.900140 116.250700
39.900140 116.251800
39.900160 116.248700
39.900180 116.249600
39.900210 116.250600
39.900230 116.249900
39.900230 116.250500
39.900270 116.249500
39.900350 116.250700
39.900350 116.251800
39.900370 116.249700
39.900360 116.249700
39.900370 116.249700
39.900380 116.249600
39.900390 116.250200
39.900390 116.250300
39.900400 116.249800
39.900420 116.249900
39.900420 116.250200
39.900410 116.250400
39.900410 116.250500
39.900430 116.249600
39.900450 116.250300
39.900450 116.249800
39.900450 116.250300
39.900440 116.250600
39.900490 116.250400
39.900490 116.250500
39.900510 116.249800
39.900510 116.249900
39.900520 116.250300
39.900560 116.249700
39.900560 116.249900
39.900570 116.250600
39.900570 116.251800
39.900750 116.249600
39.900760 116.250500
39.900800 116.250600
39.900800 116.251800
39.900820 116.249500
39.900810 116.250600
39.900910 116.250600
39.901040 116.249600
39.901040 116.250400
39.901220 116.249800
39.901230 116.250300
39.901370 116.249600
39.901370 116.249800
39.901480 116.250100
39.901480 116.250300
39.901550 116.249600
39.901550 116.250000
39.901580 116.250000
39.901580 116.250100
39.901660 116.249600
39.901660 116.250400
39.901710 116.250600
39.901720 116.249500
39.901840 116.248000
39.901830 116.249500
39.902380 116.250600
39.902370 116.249500
39.902450 116.250600
39.902780 116.245300
39.902780 116.244200
39.903260 116.231500
39.903340 116.243400
39.903360 116.244200
39.903410 116.243100
39.903510 116.242700
39.903600 116.242300
39.903620 116.241900
39.903630 116.241400
39.903970 116.240100
39.903980 116.241400
39.904160 116.239400
39.904180 116.240100
39.904460 116.238500
39.904460 116.239400
39.900190 116.248800
39.900190 116.249000
39.900220 116.248400
39.900210 116.249100
39.900250 116.248200
39.900250 116.248300
39.900250 116.249300
39.900290 116.249400
39.901810 116.248200
39.901820 116.249400
39.899200 116.247200
39.899200 116.247000
39.898860 116.247000
39.899190 116.246800
39.898870 116.246800
39.899190 116.246600
39.898870 116.246600
39.898860 116.247200
39.898990 116.247200
39.897110 116.265000
39.897120 116.265500
39.897070 116.265600
39.897170 116.265700
39.897060 116.265900
39.897480 116.266900
39.897690 116.267200
39.897930 116.267200
39.897940 116.267300
39.897970 116.267400
39.898020 116.267400
39.898830 116.266600
39.898360 116.265700
39.898370 116.266600
39.898200 116.267100
39.898300 116.267100
39.898310 116.266600
39.898920 116.266600
39.898910 116.267200
39.898770 116.267500
39.898210 116.267500
39.898310 116.264900
39.898340 116.265700
39.898820 116.265700
39.902900 116.259000
39.902690 116.259200
39.895860 116.266000
39.895870 116.265000
39.895890 116.267000
39.895940 116.266300
39.895920 116.263400
39.895950 116.265300
39.895980 116.265900
39.895980 116.266800
39.896010 116.263900
39.896020 116.265500
39.896030 116.263400
39.896070 116.267000
39.896080 116.265700
39.896080 116.266600
39.896090 116.262700
39.896100 116.265900
39.896110 116.263800
39.896120 116.264200
39.896130 116.263300
39.896150 116.265800
39.896210 116.266600
39.896210 116.265800
39.896320 116.266300
39.896340 116.265800
39.896350 116.266500
39.896390 116.266100
39.896450 116.265100
39.896480 116.265900
39.896510 116.266600
39.896640 116.266000
39.896660 116.266700
39.896750 116.266800
39.896770 116.266200
39.896770 116.267400
39.896800 116.267000
39.896810 116.267200
39.896990 116.267000
39.897000 116.266600
39.897100 116.267100
39.897180 116.267300
39.897190 116.267100
39.897230 116.267500
39.897230 116.266900
39.897290 116.267300
39.897650 116.267500
39.901580 116.265700
39.901600 116.264600
39.901610 116.266000
39.901620 116.264400
39.901680 116.265700
39.901680 116.266300
39.901690 116.264600
39.901700 116.266000
39.901710 116.264200
39.901710 116.264400
39.901770 116.266200
39.901790 116.264300
39.901800 116.266500
39.901810 116.264000
39.901870 116.266400
39.901880 116.264100
39.901940 116.266700
39.901950 116.263900
39.902000 116.264000
39.902010 116.266600
39.902030 116.266900
39.902100 116.267100
39.902120 116.266900
39.902160 116.267400
39.902190 116.267100
39.902200 116.263700
39.902250 116.267400
39.902250 116.263800
39.902310 116.263600
39.902380 116.263700
39.902400 116.263500
39.902480 116.263600
39.902690 116.260900
39.897450 116.267300
39.903510 116.259600
39.904400 116.259100
39.903510 116.259100
39.904400 116.259600
39.905200 116.220900
39.905210 116.221800
39.905850 116.221600
39.905420 116.221900
39.905850 116.221100
39.905420 116.221800
39.905400 116.220900
39.905760 116.221100
39.905760 116.221900
39.905760 116.220800
39.905760 116.221600
39.905400 116.220800
39.905500 116.259600
39.905270 116.259600
39.904740 116.260900
39.904740 116.258900
39.905500 116.260900
39.905280 116.258900
39.898990 116.247000
39.895900 116.223500
39.895910 116.223800
39.895930 116.227700
39.895940 116.249800
39.895950 116.244400
39.896060 116.236700
39.896980 116.237200
39.897150 116.229800
39.897450 116.229700
39.897710 116.229800
39.898990 116.246800
39.900050 116.215300
39.901420 116.238700
39.902550 116.205300
39.902560 116.212700
39.902580 116.208500
39.902580 116.215100
39.902590 116.222900
39.902590 116.223100
39.902590 116.229600
39.902590 116.229800
39.902590 116.246800
39.902600 116.238700
39.902600 116.237100
39.902600 116.236900
39.902600 116.234400
39.902620 116.205300
39.902650 116.220700
39.902650 116.215100
39.902650 116.222900
39.902650 116.223100
39.902670 116.229600
39.902670 116.229800
39.902670 116.238700
39.904210 116.215100
39.904610 116.260900
39.900520 116.206300
39.900520 116.208500
39.901300 116.206300
39.899530 116.206300
39.901290 116.205700
39.899520 116.205700
39.899510 116.206800
39.900650 116.206300
39.900000 116.206300
39.899990 116.205700
39.900650 116.205700
39.900510 116.207400
39.899580 116.207400
39.904620 116.259700
39.897890 116.230000
39.898640 116.229500
39.898640 116.230000
39.897880 116.229500
39.898050 116.229500
39.898050 116.230000
39.903420 116.259600
39.903410 116.259000
39.902740 116.263300
39.902740 116.262600
39.903320 116.262600
39.903030 116.242100
39.903040 116.241700
39.903050 116.242400
39.903060 116.242900
39.903090 116.242200
39.903090 116.242400
39.903390 116.242900
39.903520 116.242300
39.903530 116.241700
39.905160 116.251000
39.905450 116.251000
39.905460 116.252100
39.905170 116.252100
39.905590 116.229400
39.905890 116.229200
39.905890 116.229300
39.902670 116.229500
39.902660 116.229900
39.904500 116.229500
39.904610 116.229900
39.904610 116.229800
39.904610 116.229600
39.904610 116.229500
39.904640 116.229300
39.904750 116.229500
39.905500 116.229400
39.905640 116.229400
39.896570 116.223400
39.896710 116.223400
39.899370 116.223200
39.899370 116.223400
39.902710 116.224000
39.902710 116.224500
39.902710 116.229100
39.902710 116.228900
39.902710 116.228700
39.902740 116.228900
39.902780 116.228900
39.902660 116.224300
39.896620 116.223500
39.902660 116.228800
39.902660 116.228900
39.895890 116.213800
39.895910 116.218200
39.895970 116.216900
39.895970 116.216800
39.897580 116.217600
39.897580 116.217700
39.895910 116.216900
39.895820 116.223900
39.895820 116.224400
39.895860 116.237800
39.895860 116.238400
39.895860 116.235800
39.895870 116.240300
39.895890 116.239500
39.895900 116.238500
39.895900 116.238800
39.895910 116.222900
39.895910 116.224500
39.895930 116.238400
39.895950 116.258600
39.895940 116.255400
39.895950 116.247700
39.895950 116.237800
39.895950 116.238800
39.895980 116.224700
39.895980 116.224800
39.896000 116.237800
39.903330 116.262100
39.896020 116.231600
39.896020 116.231700
39.896030 116.248700
39.896030 116.235900
39.896030 116.236000
39.896030 116.248800
39.896050 116.254900
39.903930 116.262100
39.896120 116.231000
39.896530 116.230300
39.896890 116.230200
39.898780 116.258700
39.898790 116.258600
39.895960 116.262700
39.895940 116.254700
39.895950 116.248700
39.895950 116.235900
39.895940 116.231700
39.895910 116.224700
39.895930 116.259300
39.895960 116.261100
39.902510 116.230000
39.897430 116.230000
39.896050 116.237000
39.902490 116.236800
39.901140 116.205900
39.901210 116.205900
39.901210 116.205700
39.901100 116.205700
39.901100 116.205800
39.900920 116.205800
39.900930 116.206100
39.901100 116.206100
39.901100 116.206200
39.901220 116.206200
39.901220 116.206000
39.901140 116.206000
39.900570 116.206000
39.900500 116.206000
39.900500 116.206100
39.900580 116.206100
39.900580 116.206200
39.900480 116.206200
39.900480 116.206200
39.900320 116.206200
39.900310 116.205900
39.900490 116.205800
39.900490 116.205800
39.900570 116.205800
39.899860 116.205900
39.899860 116.206100
39.899930 116.206100
39.899930 116.206200
39.899830 116.206200
39.899830 116.206200
39.899670 116.206200
39.899670 116.205800
39.899840 116.205800
39.899840 116.205800
39.899930 116.205800
39.899930 116.205900
39.902520 116.208400
39.899210 116.208400
39.898980 116.208500
39.898650 116.208700
39.898440 116.209100
39.898320 116.209500
39.898320 116.210200
39.895930 116.210200
39.895940 116.207800
39.897150 116.207700
39.897470 116.207200
39.897590 116.207100
39.901040 116.206700
39.901040 116.206900
39.901370 116.206900
39.901370 116.207300
39.901480 116.207300
39.901480 116.206900
39.901390 116.206700
39.900950 116.207000
39.900950 116.207300
39.900720 116.207300
39.900720 116.207200
39.900640 116.207200
39.900640 116.207100
39.900570 116.207100
39.900570 116.206800
39.900790 116.206800
39.900790 116.207000
39.900420 116.207500
39.900300 116.207500
39.900300 116.208200
39.900420 116.208200
39.899990 116.207500
39.899990 116.208200
39.899870 116.208200
39.899870 116.207500
39.899610 116.207500
39.899620 116.208200
39.899480 116.208200
39.899480 116.207500
39.899570 116.207100
39.896060 116.236000
39.896050 116.230300
39.896870 116.236900
39.899100 116.234900
39.899100 116.235300
39.899030 116.235300
39.899040 116.235600
39.899110 116.235600
39.899120 116.236100
39.899170 116.236100
39.899170 116.236400
39.898950 116.236400
39.898940 116.235700
39.898880 116.235700
39.898880 116.235300
39.898950 116.235300
39.898950 116.234900
39.898180 116.232800
39.898190 116.234800
39.897850 116.234800
39.897850 116.234500
39.898000 116.234500
39.897990 116.233000
39.897850 116.233000
39.897850 116.232800
39.899050 116.232800
39.898730 116.232800
39.898730 116.233100
39.898880 116.233100
39.898870 116.234100
39.898750 116.234100
39.898750 116.234300
39.899050 116.234300
39.897330 116.232800
39.897320 116.234800
39.896980 116.234800
39.896990 116.234500
39.897130 116.234500
39.897140 116.233000
39.896990 116.233000
39.896990 116.232800
39.904780 116.208900
39.904910 116.208900
39.904920 116.209700
39.904790 116.209700
39.903910 116.263300
39.899100 116.252700
39.901080 116.252700
39.901080 116.252500
39.901020 116.252500
39.901020 116.251900
39.899170 116.252000
39.899270 116.252000
39.899270 116.252500
39.899170 116.252500
39.899500 116.252000
39.899610 116.252000
39.899840 116.252000
39.900050 116.252000
39.900040 116.252100
39.899980 116.252100
39.900180 116.252000
39.900370 116.252000
39.900370 116.252200
39.900310 116.252200
39.900520 116.252000
39.900650 116.252000
39.900490 116.252500
39.900510 116.252500
39.900850 116.252000
39.900990 116.252000
39.898990 116.251900
39.900820 116.251900
39.900820 116.252300
39.900700 116.252300
39.900700 116.251900
39.900820 116.252000
39.901010 116.252000
39.901000 116.252600
39.901060 116.252600
39.900700 116.252700
39.900460 116.251900
39.900460 116.252200
39.900360 116.252200
39.900360 116.252700
39.900120 116.251900
39.900120 116.252200
39.900030 116.252200
39.900030 116.252600
39.899680 116.251900
39.899680 116.252600
39.899300 116.251900
39.899300 116.252500
39.899330 116.252000
39.899450 116.252000
39.899450 116.252300
39.899330 116.252300
39.905590 116.229500
39.905780 116.230200
39.905590 116.229400
39.905780 116.229900
39.895940 116.246700
39.895950 116.247200
39.896550 116.246700
39.896780 116.247200
39.896780 116.247000
39.897010 116.247200
39.897050 116.247200
39.897270 116.247200
39.897450 116.247200
39.897510 116.247200
39.897530 116.246700
39.897700 116.247000
39.898120 116.247200
39.898820 116.246600
39.898990 116.247200
39.898990 116.246600
39.899400 116.246600
39.899410 116.247000
39.899640 116.247200
39.900150 116.247200
39.900460 116.246600
39.900500 116.247200
39.900700 116.247200
39.900770 116.247000
39.901290 116.246600
39.901350 116.247000
39.901590 116.247200
39.902320 116.246600
39.902580 116.247200
39.903170 116.246600
39.903270 116.247200
39.903990 116.246600
39.904810 116.247200
39.905050 116.246700
39.895940 116.253900
39.895940 116.254000
39.898920 116.254000
39.898920 116.253900
39.898990 116.253900
39.898990 116.254000
39.902590 116.246600
39.902590 116.254000
39.902690 116.246600
39.904030 116.230000
39.904560 116.230500
39.904560 116.230000
39.905460 116.230200
39.905470 116.230600
39.905640 116.230100
39.905650 116.230500
39.905220 116.219900
39.905330 116.220100
39.905100 116.220400
39.904840 116.220100
39.904810 116.218300
39.905000 116.218100
39.905200 116.218300
39.904460 116.216300
39.904460 116.217500
39.904540 116.217500
39.904540 116.217700
39.904350 116.217700
39.904340 116.215300
39.904520 116.215300
39.904520 116.215500
39.904470 116.215500
39.904470 116.216100
39.904510 116.216100
39.904510 116.216300
39.900110 116.206400
39.900110 116.207100
39.899940 116.207100
39.899940 116.206400
39.899910 116.207100
39.899910 116.207200
39.899860 116.207300
39.899770 116.207300
39.899700 116.207200
39.899700 116.207100
39.899760 116.207000
39.899860 116.207000
39.900820 116.207400
39.900820 116.208100
39.900880 116.208100
39.900880 116.208200
39.900800 116.208200
39.900700 116.208100
39.900700 116.207500
39.901190 116.207500
39.901190 116.208100
39.901240 116.208100
39.901250 116.208200
39.901160 116.208200
39.901060 116.208100
39.901060 116.207500
39.901500 116.207500
39.901500 116.208100
39.901560 116.208100
39.901560 116.208200
39.901470 116.208200
39.901390 116.208100
39.901390 116.207500
39.901970 116.207100
39.901970 116.207200
39.901810 116.207200
39.901810 116.208100
39.901960 116.208100
39.901960 116.208200
39.901720 116.208200
39.901710 116.207100
39.902360 116.207200
39.902360 116.207400
39.902290 116.207400
39.902300 116.208000
39.902350 116.208000
39.902350 116.208200
39.902090 116.208200
39.902090 116.208000
39.902120 116.208000
39.902120 116.207400
39.902070 116.207400
39.902070 116.207200
39.902890 116.207700
39.902890 116.208000
39.902840 116.208100
39.902830 116.207700
39.900960 116.208600
39.901010 116.208700
39.901000 116.209500
39.900810 116.209500
39.900820 116.209300
39.900850 116.209300
39.900860 116.208800
39.900730 116.208800
39.900740 116.208600
39.900590 116.208600
39.900640 116.208700
39.900630 116.209400
39.900500 116.209400
39.900500 116.208800
39.900540 116.208800
39.900540 116.208800
39.900490 116.208800
39.900490 116.208800
39.900410 116.208800
39.900410 116.208800
39.900370 116.208800
39.900370 116.208800
39.900300 116.208800
39.900300 116.208700
39.900220 116.208700
39.900220 116.208800
39.900250 116.208800
39.900250 116.209400
39.900280 116.209400
39.900280 116.209500
39.900160 116.209500
39.900170 116.209400
39.900120 116.209400
39.900130 116.208700
39.900180 116.208600
39.901310 116.206300
39.901310 116.206600
39.900570 116.206700
39.900570 116.206300
39.901540 116.206300
39.901450 116.206300
39.901450 116.206600
39.901540 116.206600
39.900990 116.209600
39.900990 116.209800
39.901020 116.209800
39.901020 116.210400
39.900990 116.210400
39.900990 116.210500
39.900870 116.210500
39.900870 116.210400
39.900900 116.210400
39.900900 116.209800
39.900860 116.209800
39.900860 116.209600
39.900630 116.209800
39.900510 116.209800
39.900510 116.210300
39.900630 116.210300
39.900630 116.209600
39.900620 116.209700
39.900460 116.209700
39.900460 116.209600
39.900290 116.209600
39.900300 116.209800
39.900250 116.209800
39.900260 116.210300
39.900300 116.210300
39.900300 116.210500
39.900170 116.210500
39.900160 116.210300
39.900130 116.210300
39.900120 116.209800
39.900170 116.209800
39.900170 116.209600
39.900990 116.210600
39.900990 116.210700
39.901020 116.210700
39.901020 116.211300
39.900980 116.211300
39.900980 116.211400
39.900850 116.211400
39.900850 116.211300
39.900890 116.211300
39.900890 116.210700
39.900850 116.210700
39.900850 116.210600
39.900640 116.210700
39.900640 116.211300
39.900510 116.211300
39.900510 116.210700
39.900290 116.210600
39.900290 116.210700
39.900260 116.210700
39.900260 116.211300
39.900310 116.211300
39.900310 116.211400
39.900180 116.211500
39.900180 116.211300
39.900140 116.211300
39.900130 116.210700
39.900180 116.210700
39.900180 116.210600
39.900930 116.211500
39.900930 116.211900
39.900870 116.212000
39.900890 116.212100
39.900830 116.212100
39.900750 116.212000
39.900830 116.211900
39.900830 116.211500
39.904920 116.265600
39.900650 116.211500
39.900650 116.211800
39.900530 116.211800
39.900370 116.211500
39.900680 116.211800
39.900790 116.211900
39.900730 116.212000
39.900530 116.211800
39.901330 116.211800
39.901330 116.212600
39.901180 116.212600
39.901170 116.211800
39.901320 116.210900
39.901330 116.211700
39.901170 116.211700
39.901160 116.210900
39.901010 116.212100
39.900980 116.212100
39.901020 116.212200
39.900980 116.212200
39.900910 116.212100
39.900970 116.212000
39.900900 116.212100
39.900970 116.212200
39.900920 116.212300
39.900860 116.212200
39.905190 116.213400
39.904860 116.212900
39.905180 116.212900
39.899610 116.223500
39.899610 116.223700
39.900180 116.223600
39.900200 116.223700
39.900280 116.223600
39.900270 116.223500
39.904920 116.264500
39.898900 116.217800
39.899080 116.218900
39.899170 116.218100
39.898430 116.218000
39.898860 116.218000
39.898430 116.217800
39.899070 116.218200
39.899170 116.218900
39.895830 116.246800
39.895850 116.250500
39.895850 116.253400
39.895850 116.250700
39.905500 116.208800
39.905310 116.208800
39.905310 116.209700
39.905500 116.209700
39.905490 116.209900
39.905310 116.209900
39.905320 116.210800
39.905500 116.210800
39.904910 116.209900
39.904790 116.209900
39.904800 116.210800
39.904920 116.210700
39.905620 116.208100
39.905140 116.208100
39.905140 116.208300
39.905610 116.208300
39.904970 116.208100
39.904490 116.208100
39.904490 116.208300
39.904970 116.208300
39.905440 116.207800
39.904560 116.207800
39.904570 116.206900
39.904870 116.206900
39.904870 116.207400
39.905010 116.207400
39.905020 116.206200
39.905200 116.206200
39.905190 116.207300
39.905440 116.207300
39.904860 116.206800
39.904620 116.206800
39.904620 116.206400
39.904860 116.206400
39.905140 116.208200
39.904970 116.208200
39.904970 116.208300
39.905140 116.208300
39.905210 116.207800
39.905160 116.207800
39.905160 116.208100
39.905210 116.208100
39.905800 116.207700
39.905790 116.207500
39.905530 116.207000
39.905530 116.205900
39.904550 116.206000
39.905700 116.208400
39.905830 116.208400
39.905820 116.207900
39.904920 116.264100
39.905230 116.264100
39.895880 116.237700
39.895880 116.238400
39.905250 116.263300
39.902590 116.243000
39.895950 116.242900
39.902820 116.263300
39.901900 116.264300
39.902650 116.212300
39.904590 116.212300
39.904720 116.212300
39.902650 116.212300
39.902070 116.264100
39.902300 116.263900
39.902490 116.263700
39.905880 116.206300
39.905880 116.206700
39.905230 116.208800
39.905000 116.208800
39.905000 116.210800
39.905240 116.210800
39.905690 116.208900
39.905620 116.208900
39.905630 116.210900
39.905700 116.210900
39.905570 116.208500
39.905580 116.208800
39.905250 116.208800
39.905280 116.210900
39.905600 116.210800
39.904970 116.210900
39.904960 116.208800
39.905540 116.208600
39.904860 116.208700
39.904860 116.208600
39.905550 116.208900
39.905520 116.208900
39.905530 116.210700
39.905570 116.210700
39.905610 116.208700
39.905810 116.208700
39.905810 116.210900
39.904790 116.210900
39.904780 116.210800
39.904750 116.208700
39.905540 116.208700
39.905540 116.208700
39.904990 116.208700
39.905230 116.208700
39.904910 116.209800
39.904840 116.209800
39.904840 116.209800
39.904910 116.209800
39.905110 116.210000
39.905020 116.210000
39.905020 116.210100
39.905120 116.210100
39.904780 116.210900
39.904720 116.210900
39.904700 116.210900
39.904710 116.211000
39.904710 116.211700
39.904660 116.211800
39.904670 116.212200
39.904670 116.212300
39.904770 116.212100
39.904800 116.212100
39.904910 116.212000
39.905770 116.212000
39.904720 116.212000
39.904720 116.211900
39.905810 116.211900
39.905810 116.211900
39.904900 116.211900
39.904800 116.212200
39.904900 116.212200
39.905010 116.212100
39.905810 116.212000
39.905810 116.212000
39.904920 116.212000
39.904810 116.212100
39.904680 116.212200
39.904680 116.211800
39.905880 116.211900
39.905880 116.212100
39.904800 116.212100
39.904750 116.212300
39.904870 116.212300
39.905010 116.212100
39.905800 116.212100
39.905800 116.212800
39.905800 116.212900
39.905800 116.214100
39.905810 116.214900
39.905800 116.214200
39.905760 116.212800
39.905760 116.212100
39.905680 116.212200
39.905620 116.212200
39.905620 116.212800
39.905670 116.212800
39.905800 116.213200
39.905750 116.213200
39.905750 116.214100
39.905750 116.214200
39.905750 116.214500
39.905800 116.214500
39.905680 116.212900
39.905690 116.214200
39.905400 116.214200
39.905400 116.213500
39.905400 116.213400
39.905530 116.213300
39.905630 116.213200
39.905630 116.212900
39.905760 116.212900
39.905760 116.213000
39.902590 116.263700
39.905580 116.212800
39.905280 116.213400
39.904860 116.213300
39.905020 116.212900
39.905130 116.212700
39.905230 116.212600
39.905230 116.212100
39.905510 116.212100
39.905520 116.212100
39.905560 116.212200
39.905590 116.212200
39.905580 116.213000
39.905570 116.213100
39.905540 116.213200
39.905460 116.213300
39.905400 116.213300
39.905350 116.213300
39.905290 116.213300
39.904860 116.212900
39.904860 116.213400
39.905260 116.213500
39.904880 116.213500
39.904890 116.214200
39.905260 116.214200
39.905600 116.214200
39.905600 116.214600
39.905580 116.214700
39.905540 116.214700
39.905110 116.214700
39.905110 116.214200
39.902620 116.263800
39.905600 116.214800
39.904880 116.214800
39.904880 116.214700
39.905600 116.214700
39.905710 116.215000
39.905720 116.213100
39.905720 116.212100
39.905610 116.208600
39.904410 116.212300
39.904210 116.212300
39.904200 116.214000
39.904290 116.214000
39.904280 116.214100
39.904480 116.214100
39.904490 116.212400
39.904720 116.212700
39.904820 116.212800
39.904920 116.212800
39.904910 116.213400
39.904840 116.213500
39.904850 116.214100
39.904770 116.214200
39.904770 116.214900
39.905320 116.213400
39.902660 116.264200
39.904760 116.212800
39.904760 116.212300
39.904670 116.212200
39.902780 116.212200
39.904140 116.212800
39.904130 116.212400
39.903290 116.212400
39.903300 116.212800
39.905440 116.216000
39.905090 116.216000
39.905100 116.215400
39.905450 116.215400
39.903840 116.264200
39.905450 116.217300
39.905250 116.217300
39.905260 116.216500
39.905450 116.216500
39.905450 116.216500
39.905420 116.216600
39.905390 116.216700
39.905370 116.216800
39.905350 116.216900
39.905350 116.217000
39.905350 116.217000
39.905370 116.217100
39.905400 116.217200
39.905440 116.217300
39.904220 116.216900
39.904500 116.216900
39.904560 116.217100
39.904600 116.217200
39.904670 116.217300
39.904760 116.217400
39.904860 116.217400
39.904930 116.217400
39.904930 116.217600
39.905670 116.217600
39.905660 116.216300
39.904930 116.216300
39.904620 116.216200
39.904220 116.215700
39.904520 116.215800
39.904650 116.215800
39.904780 116.215900
39.904910 116.216100
39.905020 116.216100
39.905510 116.216100
39.905500 116.215200
39.905500 116.215400
39.905570 116.215400
39.905620 116.215400
39.905650 116.215500
39.905650 116.215600
39.905650 116.215800
39.905570 116.215700
39.904930 116.216500
39.904800 116.216500
39.904660 116.216600
39.904570 116.216700
39.904530 116.216900
39.903830 116.265600
39.905850 116.210200
39.905750 116.210200
39.905750 116.210600
39.905750 116.210800
39.905760 116.210900
39.905630 116.210900
39.905630 116.211800
39.904950 116.211800
39.904930 116.210900
39.905440 116.211700
39.905120 116.211700
39.905100 116.211000
39.905420 116.210900
39.905860 116.212700
39.905870 116.214100
39.905870 116.213600
39.905860 116.212800
39.905780 116.212900
39.905780 116.213100
39.905810 116.207800
39.905640 116.207800
39.905640 116.208000
39.904450 116.208000
39.904450 116.208400
39.904450 116.208500
39.904490 116.206900
39.904940 116.206900
39.904940 116.207300
39.905630 116.207400
39.905430 116.207100
39.905420 116.206000
39.905050 116.206000
39.905050 116.206100
39.905610 116.213100
39.905580 116.213200
39.905530 116.213200
39.905450 116.213300
39.905380 116.213400
39.905330 116.213400
39.905330 116.214200
39.905670 116.214200
39.905670 116.214900
39.905790 116.214900
39.904830 116.213300
39.904720 116.213300
39.904710 116.214100
39.904830 116.214000
39.904660 116.212400
39.904550 116.212300
39.904500 116.212300
39.904500 116.213200
39.904590 116.213200
39.904650 116.213100
39.904500 116.212300
39.904470 116.212300
39.903280 116.212300
39.903290 116.212300
39.903700 116.212300
39.904460 116.212300
39.904700 116.213700
39.904630 116.213600
39.904600 116.213600
39.904580 116.213600
39.904570 116.213500
39.904560 116.213500
39.904560 116.213400
39.904570 116.213300
39.904620 116.213200
39.904660 116.213200
39.904710 116.213200
39.904850 116.214900
39.904680 116.215000
39.904590 116.214900
39.904140 116.265600
39.900250 116.237300
39.900250 116.238700
39.900110 116.238700
39.900110 116.237300
39.900300 116.237200
39.900010 116.237200
39.900010 116.238700
39.900300 116.238700
39.900010 116.237800
39.899880 116.237800
39.899880 116.237100
39.899820 116.237100
39.899830 116.237800
39.899530 116.237800
39.899520 116.238700
39.898790 116.237800
39.898800 116.238700
39.898750 116.237700
39.898750 116.237300
39.898370 116.237300
39.898380 116.238700
39.901310 116.238700
39.901300 116.239600
39.902320 116.239600
39.902360 116.239600
39.902360 116.238700
39.901310 116.237500
39.901310 116.237900
39.900600 116.237900
39.899510 116.239600
39.900630 116.239600
39.900630 116.238700
39.900960 116.238700
39.900340 116.238700
39.900650 116.237900
39.905880 116.233700
39.905640 116.233700
39.905530 116.233700
39.905450 116.233700
39.905380 116.233700
39.905370 116.233600
39.905340 116.233400
39.905340 116.233300
39.905340 116.233300
39.905380 116.233300
39.905410 116.233200
39.905430 116.233200
39.905340 116.233000
39.905310 116.233000
39.905290 116.233100
39.905270 116.233100
39.905450 116.233200
39.905450 116.233100
39.905440 116.233100
39.905430 116.233100
39.905400 116.233000
39.905370 116.233000
39.905260 116.233100
39.905260 116.233200
39.905270 116.233200
39.905290 116.233200
39.905310 116.233300
39.904670 116.235700
39.904440 116.235700
39.904430 116.236700
39.904660 116.236700
39.905240 116.235700
39.905230 116.235400
39.905190 116.235200
39.905140 116.235100
39.905100 116.234900
39.905080 116.234800
39.905060 116.234600
39.905030 116.234500
39.904940 116.234500
39.904890 116.234500
39.904820 116.234500
39.904770 116.234500
39.904720 116.234500
39.904680 116.234500
39.904600 116.234500
39.904560 116.234500
39.904490 116.234600
39.904450 116.234600
39.904380 116.234700
39.904340 116.234700
39.905290 116.233700
39.905220 116.233700
39.905150 116.233800
39.905060 116.233800
39.905030 116.233800
39.904970 116.233900
39.904910 116.233900
39.904870 116.234000
39.905050 116.234500
39.905050 116.234400
39.905020 116.234300
39.904990 116.234200
39.904960 116.234200
39.904940 116.234100
39.904910 116.234100
39.904840 116.233900
39.904790 116.233800
39.904770 116.233800
39.904750 116.233700
39.904740 116.233600
39.904740 116.233500
39.904750 116.233400
39.904770 116.233400
39.904810 116.233300
39.904840 116.233300
39.904890 116.233200
39.904930 116.233200
39.904960 116.233100
39.905000 116.233000
39.905010 116.232900
39.905010 116.232800
39.905010 116.232700
39.905000 116.232600
39.904270 116.234600
39.904220 116.234600
39.904140 116.234500
39.904040 116.234300
39.904000 116.234200
39.903960 116.234100
39.903930 116.234000
39.903920 116.233900
39.903900 116.233800
39.903890 116.233700
39.903890 116.233600
39.903900 116.233500
39.903920 116.233400
39.903940 116.233300
39.903950 116.233300
39.903970 116.233100
39.903940 116.233000
39.903910 116.232900
39.903880 116.232800
39.903820 116.232700
39.903740 116.232500
39.903690 116.232500
39.903660 116.232400
39.903640 116.232200
39.903640 116.232100
39.903660 116.231900
39.903700 116.231700
39.903710 116.231600
39.903750 116.231500
39.903780 116.231400
39.903800 116.231300
39.903820 116.231200
39.903850 116.231100
39.903890 116.231100
39.903920 116.231000
39.903990 116.230900
39.904030 116.230900
39.904070 116.230800
39.904160 116.230800
39.904210 116.230700
39.904270 116.230700
39.904320 116.230700
39.904380 116.230700
39.904420 116.230700
39.904480 116.230700
39.904680 116.233400
39.904620 116.233400
39.904560 116.233400
39.904500 116.233400
39.904410 116.233400
39.904360 116.233400
39.904280 116.233400
39.904220 116.233400
39.904160 116.233400
39.904100 116.233400
39.904070 116.233500
39.904040 116.233600
39.904000 116.233600
39.903940 116.233600
39.905040 116.232900
39.905090 116.232900
39.905140 116.233000
39.905170 116.233000
39.905210 116.233000
39.904640 116.235400
39.904610 116.235200
39.904510 116.235000
39.904420 116.234800
39.904530 116.235400
39.904530 116.235200
39.904490 116.235100
39.904400 116.235000
39.904350 116.234900
39.904190 116.234900
39.904120 116.235100
39.904210 116.235200
39.904250 116.235200
39.904310 116.235200
39.904360 116.235200
39.904390 116.235300
39.904390 116.235400
39.904390 116.235500
39.904530 116.235500
39.904850 116.231700
39.904850 116.232200
39.905140 116.232200
39.905140 116.231700
39.905410 116.232900
39.905400 116.232800
39.905360 116.232700
39.905350 116.232600
39.905350 116.232500
39.905300 116.232500
39.905240 116.232400
39.905170 116.232400
39.905100 116.232400
39.905030 116.232600
39.905060 116.232500
39.905080 116.232400
39.905140 116.232300
39.905160 116.232200
39.905190 116.232100
39.905250 116.232000
39.905290 116.231900
39.905310 116.231800
39.905330 116.231600
39.905330 116.231500
39.905320 116.231300
39.905300 116.231100
39.905260 116.231000
39.905170 116.230900
39.905050 116.230800
39.904960 116.230700
39.904870 116.230700
39.904760 116.230700
39.904670 116.230600
39.904590 116.230600
39.904520 116.230600
39.904980 116.231600
39.904980 116.231600
39.904940 116.231500
39.904860 116.231400
39.904800 116.231400
39.904760 116.231400
39.904670 116.231400
39.904610 116.231400
39.904540 116.231400
39.904490 116.231400
39.904460 116.231400
39.904420 116.231400
39.904370 116.231400
39.904350 116.231500
39.904340 116.231600
39.904320 116.231700
39.904300 116.231800
39.904270 116.231800
39.904250 116.231900
39.904240 116.232000
39.904240 116.232100
39.904250 116.232100
39.904250 116.232200
39.904240 116.232300
39.904230 116.232400
39.904230 116.232500
39.904210 116.232700
39.904240 116.232700
39.904280 116.232700
39.904330 116.232800
39.904410 116.232800
39.904490 116.232900
39.904540 116.232900
39.904610 116.232800
39.904680 116.232800
39.904730 116.232700
39.904820 116.232700
39.904820 116.232500
39.904850 116.232500
39.904860 116.232400
39.904850 116.232300
39.904830 116.232200
39.904820 116.232200
39.904820 116.232000
39.904820 116.231900
39.904850 116.231700
39.904720 116.232400
39.904700 116.232400
39.904660 116.232300
39.904610 116.232300
39.904600 116.232300
39.904600 116.232200
39.904600 116.232100
39.904590 116.232100
39.904560 116.232000
39.904510 116.232000
39.904470 116.232100
39.904430 116.232100
39.904390 116.232200
39.904350 116.232300
39.904340 116.232300
39.904330 116.232400
39.904330 116.232400
39.904330 116.232500
39.904330 116.232500
39.904340 116.232600
39.904350 116.232600
39.904360 116.232600
39.904400 116.232700
39.904450 116.232700
39.904490 116.232700
39.904540 116.232700
39.904590 116.232700
39.904640 116.232700
39.904670 116.232600
39.904720 116.232500
39.904720 116.232500
39.904250 116.232300
39.903670 116.231900
39.903740 116.231900
39.903790 116.231900
39.903860 116.231900
39.903930 116.231900
39.904010 116.231900
39.904090 116.232000
39.904150 116.232000
39.904160 116.232100
39.904190 116.232200
39.904180 116.232300
39.904160 116.232400
39.904130 116.232500
39.904100 116.232600
39.904020 116.232700
39.903980 116.232700
39.903940 116.232800
39.904150 116.232600
39.905290 116.231900
39.905240 116.231900
39.905210 116.231800
39.905180 116.231700
39.905140 116.231600
39.905100 116.231500
39.905060 116.231400
39.904980 116.231300
39.904920 116.231200
39.904850 116.231200
39.904780 116.231100
39.904410 116.231200
39.904360 116.231200
39.904330 116.231300
39.904320 116.231400
39.904300 116.231600
39.904270 116.231700
39.904230 116.231800
39.904180 116.231900
39.904140 116.231900
39.904780 116.230700
39.904500 116.230700
39.904490 116.231300
39.904770 116.231300
39.904490 116.231100
39.904640 116.230600
39.904640 116.230700
39.904890 116.233000
39.904810 116.233000
39.904720 116.232900
39.904630 116.232900
39.905390 116.233900
39.905350 116.234100
39.905340 116.234400
39.905330 116.234500
39.905320 116.234600
39.905250 116.234700
39.905160 116.234700
39.905070 116.234700
39.900940 116.246100
39.899310 116.246100
39.899320 116.246500
39.900940 116.246400
39.902350 116.244700
39.902120 116.244700
39.902130 116.245400
39.902360 116.245400
39.902370 116.243300
39.902140 116.243300
39.902140 116.243900
39.902360 116.243900
39.902240 116.244000
39.902030 116.244000
39.902030 116.244600
39.902240 116.244600
39.905870 116.244400
39.905750 116.244000
39.905750 116.245000
39.905200 116.244000
39.905060 116.244000
39.904920 116.244100
39.904840 116.244300
39.905750 116.244200
39.905200 116.244200
39.905100 116.244200
39.905020 116.244300
39.904960 116.244400
39.905750 116.244800
39.905200 116.244800
39.905100 116.244800
39.905020 116.244800
39.904950 116.244700
39.905190 116.245000
39.905060 116.245000
39.904930 116.244900
39.904830 116.244700
39.905640 116.244000
39.905640 116.244200
39.905520 116.244000
39.905520 116.244200
39.905420 116.244000
39.905420 116.244200
39.905300 116.244000
39.905300 116.244200
39.905640 116.244800
39.905640 116.245000
39.905520 116.244800
39.905520 116.245000
39.905420 116.244800
39.905420 116.245000
39.905310 116.244800
39.905300 116.245000
39.905360 116.244400
39.905370 116.244500
39.905370 116.244600
39.905340 116.244600
39.905030 116.244500
39.905030 116.244500
39.905050 116.244400
39.905080 116.244400
39.905130 116.244300
39.905300 116.244700
39.905250 116.244700
39.905190 116.244700
39.905140 116.244700
39.905090 116.244700
39.905050 116.244600
39.905180 116.244300
39.905230 116.244300
39.905280 116.244300
39.905330 116.244400
39.904960 116.244500
39.905030 116.244500
39.905300 116.244300
39.905200 116.244300
39.905750 116.244400
39.905360 116.244600
39.905750 116.244600
39.904900 116.244200
39.904820 116.244000
39.904730 116.243900
39.904590 116.243800
39.904420 116.243800
39.904850 116.244300
39.904730 116.244100
39.904610 116.243900
39.904540 116.243800
39.904720 116.245000
39.904630 116.245100
39.904550 116.245200
39.904910 116.244900
39.904800 116.245000
39.904700 116.245200
39.904600 116.245300
39.904450 116.243900
39.904350 116.244100
39.904280 116.244200
39.904240 116.244400
39.904230 116.244600
39.904240 116.244800
39.904300 116.244900
39.904370 116.245000
39.904480 116.245100
39.904310 116.243900
39.904250 116.244100
39.904230 116.244300
39.904230 116.244900
39.904290 116.245100
39.904400 116.245200
39.904530 116.245300
39.904500 116.245300
39.904320 116.245300
39.904040 116.245300
39.903870 116.245100
39.903740 116.244900
39.903650 116.244600
39.903650 116.244400
39.903690 116.244200
39.903760 116.244100
39.903860 116.243900
39.904000 116.243800
39.904190 116.243700
39.904340 116.243800
39.904380 116.243800
39.904180 116.243800
39.903980 116.243900
39.903770 116.244100
39.903690 116.244300
39.903680 116.244600
39.903730 116.244900
39.903810 116.245000
39.903920 116.245100
39.904040 116.245200
39.904150 116.245200
39.904310 116.245300
39.904160 116.245000
39.904060 116.245000
39.904010 116.245000
39.903970 116.244900
39.903950 116.244700
39.903940 116.244600
39.903940 116.244500
39.903950 116.244400
39.903950 116.244300
39.903950 116.244200
39.903960 116.244200
39.903990 116.244000
39.904050 116.244000
39.904120 116.244000
39.904160 116.244100
39.904190 116.244100
39.904230 116.244000
39.904320 116.243900
39.904180 116.244600
39.904100 116.244600
39.904120 116.244500
39.904090 116.244400
39.904180 116.244400
39.903000 116.244400
39.903000 116.244600
39.902850 116.244300
39.902930 116.244300
39.902970 116.244300
39.903010 116.244400
39.903020 116.244600
39.903000 116.244600
39.902950 116.244700
39.902890 116.244700
39.902850 116.244800
39.903350 116.244400
39.903360 116.244100
39.905200 116.243100
39.904710 116.243100
39.905200 116.243400
39.905100 116.243500
39.904990 116.243400
39.904920 116.243400
39.904890 116.243200
39.904880 116.243100
39.904600 116.243300
39.905200 116.243600
39.904600 116.243500
39.905600 116.243500
39.905600 116.244000
39.905610 116.242800
39.905600 116.242600
39.905590 116.242500
39.905500 116.242600
39.905380 116.242500
39.905290 116.242400
39.905180 116.242400
39.905070 116.242300
39.904960 116.242400
39.904820 116.242400
39.904740 116.242500
39.904660 116.242600
39.904580 116.242600
39.904430 116.242800
39.904320 116.242900
39.904150 116.243000
39.903990 116.243100
39.903800 116.243000
39.903680 116.242900
39.903540 116.242800
39.903440 116.243000
39.903370 116.243400
39.903380 116.243800
39.903390 116.244200
39.903400 116.244400
39.904710 116.243200
39.904610 116.243300
39.904520 116.243300
39.904430 116.243300
39.904380 116.243200
39.904370 116.243100
39.904480 116.243300
39.904480 116.243800
39.904600 116.243400
39.904480 116.243400
39.904600 116.243500
39.904480 116.243500
39.904600 116.243600
39.904480 116.243600
39.905150 116.243400
39.905090 116.243400
39.905020 116.243400
39.904990 116.243400
39.904960 116.243300
39.904950 116.243300
39.904930 116.243200
39.904920 116.243200
39.904920 116.243100
39.905060 116.243100
39.905090 116.243100
39.905120 116.243200
39.905140 116.243200
39.905160 116.243200
39.905170 116.243200
39.905170 116.243300
39.905170 116.243400
39.905170 116.243400
39.904630 116.242800
39.904410 116.242800
39.904410 116.243100
39.904420 116.243200
39.904450 116.243200
39.904530 116.243300
39.904600 116.243200
39.904640 116.243200
39.904660 116.242800
39.904660 116.242100
39.904620 116.242100
39.904560 116.242100
39.904490 116.242100
39.904440 116.242100
39.904430 116.242800
39.904470 116.242700
39.904450 116.242700
39.904460 116.242600
39.904470 116.242600
39.904490 116.242600
39.904520 116.242500
39.904540 116.242500
39.904570 116.242500
39.904590 116.242500
39.904610 116.242500
39.904630 116.242600
39.904690 116.242500
39.904690 116.242100
39.904200 116.243100
39.904030 116.243200
39.903880 116.243400
39.903800 116.243400
39.903780 116.243600
39.903750 116.243700
39.903670 116.243800
39.903600 116.243900
39.903520 116.244000
39.903390 116.244100
39.903800 116.243300
39.903770 116.243000
39.903720 116.243100
39.903550 116.243200
39.903600 116.243400
39.903770 116.243300
39.903830 116.242800
39.903770 116.242700
39.903570 116.242600
39.903810 116.242100
39.903840 116.242100
39.903780 116.242200
39.903770 116.242300
39.903790 116.242500
39.903850 116.242500
39.903820 116.242600
39.903760 116.242500
39.903710 116.242500
39.903700 116.242500
39.903680 116.242400
39.903680 116.242300
39.903690 116.242200
39.903740 116.242200
39.903760 116.242200
39.903850 116.242600
39.903940 116.242500
39.903970 116.242400
39.903960 116.242300
39.903900 116.242100
39.903830 116.242100
39.903750 116.242000
39.903690 116.242100
39.903660 116.242300
39.903660 116.242400
39.903680 116.242500
39.903720 116.242600
39.903910 116.241800
39.904160 116.242400
39.904130 116.241900
39.903750 116.241800
39.903710 116.242000
39.904380 116.242600
39.904390 116.242100
39.904390 116.242100
39.904300 116.242200
39.904220 116.242300
39.904260 116.242500
39.904320 116.242700
39.904370 116.242900
39.904190 116.242100
39.904220 116.242200
39.904260 116.242300
39.904170 116.241700
39.904210 116.241600
39.904290 116.241500
39.904380 116.241400
39.904510 116.241400
39.904660 116.241400
39.904800 116.241500
39.904870 116.241700
39.904920 116.241900
39.904690 116.243000
39.904690 116.242800
39.904700 116.242500
39.904710 116.242200
39.904710 116.242000
39.904700 116.242400
39.904790 116.242200
39.904850 116.242100
39.904900 116.242000
39.904720 116.241500
39.904910 116.241500
39.905110 116.241500
39.905320 116.241500
39.905590 116.241500
39.905670 116.241500
39.905600 116.241600
39.905470 116.241900
39.905360 116.242000
39.905280 116.242200
39.905330 116.242500
39.905330 116.242400
39.905330 116.242300
39.905310 116.242200
39.905210 116.242100
39.905160 116.242100
39.905090 116.242200
39.905030 116.242200
39.904990 116.242300
39.904910 116.241700
39.904930 116.241600
39.904910 116.241800
39.905000 116.241800
39.905100 116.241900
39.905170 116.241900
39.905290 116.241900
39.905390 116.241900
39.905440 116.241900
39.905570 116.242400
39.905540 116.242300
39.905490 116.242200
39.905440 116.242100
39.905390 116.242000
39.905340 116.243100
39.905510 116.243100
39.905610 116.243100
39.905610 116.243000
39.905300 116.242600
39.905230 116.242800
39.905140 116.243000
39.903410 116.244600
39.903430 116.244800
39.903480 116.245000
39.903600 116.245300
39.903380 116.244900
39.903370 116.245100
39.903380 116.245200
39.903370 116.245000
39.903250 116.245000
39.903100 116.245000
39.903100 116.245000
39.903140 116.245000
39.902600 116.238000
39.901570 116.238000
39.902200 116.237300
39.902210 116.238600
39.901870 116.237300
39.901870 116.238600
39.901570 116.237300
39.901570 116.238600
39.899120 116.246500
39.899090 116.242900
39.902450 116.243000
39.899220 116.243000
39.899220 116.245900
39.901040 116.245900
39.901170 116.245500
39.902450 116.245500
39.903540 116.232500
39.903490 116.232700
39.903310 116.232900
39.903290 116.233100
39.903350 116.233200
39.903500 116.233200
39.903580 116.233300
39.903570 116.233600
39.903570 116.233900
39.903650 116.234100
39.903830 116.234100
39.904640 116.229900
39.905230 116.228000
39.905230 116.229500
39.903590 116.228100
39.903430 116.228100
39.903420 116.229000
39.903040 116.228600
39.903040 116.228100
39.902890 116.228100
39.902890 116.228700
39.903340 116.229200
39.903580 116.229200
39.903790 116.228300
39.903790 116.229100
39.904960 116.229100
39.904960 116.228300
39.903370 116.224500
39.903130 116.224500
39.903130 116.225800
39.903290 116.225800
39.903290 116.225500
39.903450 116.225500
39.903450 116.225800
39.903780 116.225800
39.903770 116.224900
39.903370 116.224900
39.902580 116.217600
39.899470 116.237900
39.899270 116.237900
39.899270 116.238600
39.899480 116.238600
39.898660 116.237300
39.898680 116.238600
39.898450 116.238600
39.898440 116.237300
39.898220 116.237300
39.897690 116.237300
39.897690 116.237500
39.898220 116.237500
39.898180 116.237600
39.898010 116.237600
39.898000 116.238900
39.898170 116.238900
39.897600 116.237300
39.897410 116.237300
39.897420 116.238900
39.897610 116.238900
39.899510 116.239000
39.897420 116.239000
39.899170 116.239000
39.899170 116.239700
39.898800 116.239000
39.898800 116.239700
39.898400 116.239000
39.898400 116.239700
39.898030 116.239000
39.898020 116.239700
39.897670 116.239000
39.897660 116.239700
39.897260 116.237400
39.896080 116.237400
39.896100 116.241300
39.897270 116.241300
39.902590 116.253900
39.902590 116.261000
39.904920 116.238200
39.904770 116.238100
39.904780 116.238000
39.904970 116.238000
39.904960 116.237900
39.904770 116.237800
39.904780 116.237700
39.904980 116.237700
39.904970 116.237500
39.905000 116.236500
39.904800 116.236500
39.904800 116.237500
39.905000 116.237500
39.904800 116.236500
39.904660 116.236500
39.904820 116.236500
39.904810 116.236300
39.905030 116.236300
39.905040 116.236200
39.904830 116.236100
39.904820 116.236000
39.905030 116.235900
39.905030 116.235900
39.904800 116.235700
39.905060 116.236000
39.904790 116.236300
39.904790 116.236200
39.904460 116.233400
39.901530 116.232800
39.901200 116.232800
39.901190 116.233000
39.901310 116.233000
39.901310 116.234000
39.901170 116.234000
39.901170 116.234200
39.901520 116.234200
39.900740 116.232800
39.900410 116.232800
39.900410 116.233000
39.900530 116.233000
39.900520 116.234000
39.900380 116.234000
39.900380 116.234200
39.900740 116.234200
39.899960 116.232800
39.899630 116.232800
39.899630 116.233000
39.899750 116.233000
39.899740 116.234000
39.899600 116.234000
39.899600 116.234200
39.899960 116.234200
39.901930 116.234700
39.901930 116.234500
39.902350 116.234500
39.902330 116.235700
39.901920 116.235700
39.901920 116.235500
39.902150 116.235500
39.902160 116.234700
39.902300 116.236000
39.902010 116.236000
39.902010 116.236300
39.902300 116.236300
39.901230 116.234800
39.901110 116.234800
39.901120 116.234500
39.900920 116.234500
39.900920 116.234800
39.901000 116.234800
39.901000 116.235100
39.901230 116.235100
39.900410 116.235400
39.900620 116.235400
39.900620 116.235200
39.900480 116.235200
39.900490 116.234500
39.900330 116.234500
39.900320 116.235200
39.900410 116.235200
39.899900 116.234900
39.899720 116.234900
39.899720 116.235600
39.899780 116.235600
39.899900 116.235600
39.898300 116.236300
39.897920 116.236300
39.897920 116.236700
39.898300 116.236700
39.898340 116.236700
39.898720 116.236700
39.898720 116.236500
39.898780 116.236500
39.898780 116.236200
39.898490 116.236200
39.898490 116.236500
39.898340 116.236500
39.897900 116.236700
39.897520 116.236700
39.897520 116.236500
39.897460 116.236500
39.897460 116.236200
39.897750 116.236200
39.897750 116.236500
39.897900 116.236500
39.898140 116.235700
39.897880 116.235700
39.897880 116.236200
39.898140 116.236200
39.897570 116.234800
39.897360 116.234800
39.897360 116.235500
39.897120 116.235500
39.897120 116.235700
39.897560 116.235700
39.896770 116.235800
39.896520 116.235800
39.896530 116.236200
39.896780 116.236200
39.896240 116.236700
39.896460 116.236700
39.896460 116.236300
39.896410 116.236300
39.896410 116.235800
39.896450 116.235800
39.896450 116.235500
39.896500 116.235500
39.896490 116.235000
39.896530 116.235000
39.896530 116.234900
39.896360 116.234900
39.896370 116.235000
39.896220 116.235000
39.896460 116.234600
39.896220 116.234600
39.896210 116.232400
39.896460 116.232400
39.896870 116.231900
39.896370 116.231900
39.896370 116.232200
39.896760 116.232200
39.896760 116.232400
39.896980 116.232400
39.896990 116.232200
39.896870 116.232200
39.896840 116.230500
39.896410 116.230500
39.896410 116.230800
39.896720 116.230800
39.896710 116.231800
39.896900 116.231800
39.896910 116.230700
39.896840 116.230700
39.896980 116.230300
39.896730 116.230300
39.896730 116.230500
39.896980 116.230500
39.898400 116.230500
39.897320 116.230500
39.897320 116.231100
39.897130 116.231100
39.897130 116.231400
39.897480 116.231400
39.897480 116.230700
39.897780 116.230700
39.897780 116.231500
39.897980 116.231500
39.897980 116.230700
39.898240 116.230700
39.898240 116.231400
39.898400 116.231400
39.898530 116.231700
39.897060 116.231600
39.897060 116.232600
39.898530 116.232600
39.899100 116.230100
39.899200 116.230100
39.899260 116.230200
39.899280 116.230200
39.899280 116.230800
39.899150 116.230800
39.899160 116.230300
39.899140 116.230300
39.899090 116.230300
39.899270 116.231000
39.899080 116.231000
39.899070 116.232500
39.899270 116.232500
39.898880 116.230900
39.898750 116.230900
39.898750 116.231000
39.898630 116.231000
39.898640 116.231200
39.898770 116.231200
39.898780 116.231400
39.898650 116.231400
39.898650 116.231600
39.898780 116.231600
39.898780 116.231700
39.898890 116.231700
39.898880 116.231800
39.898760 116.231800
39.898760 116.231800
39.898640 116.231800
39.898640 116.232000
39.898780 116.232000
39.898780 116.232300
39.898650 116.232300
39.898660 116.232500
39.898790 116.232500
39.898790 116.232500
39.898890 116.232500
39.900440 116.231100
39.900290 116.231100
39.900290 116.231800
39.900440 116.231800
39.900440 116.231900
39.900290 116.231900
39.900290 116.232600
39.900440 116.232600
39.900070 116.231100
39.899920 116.231100
39.899920 116.231800
39.900070 116.231800
39.900070 116.231900
39.899910 116.231900
39.899910 116.232600
39.900070 116.232600
39.900460 116.230100
39.900090 116.230100
39.900090 116.230500
39.900260 116.230500
39.900250 116.230900
39.900450 116.230900
39.899950 116.230900
39.899820 116.230900
39.899820 116.230300
39.899800 116.230200
39.899690 116.230300
39.899670 116.230300
39.899660 116.230800
39.899540 116.230800
39.899540 116.230200
39.899580 116.230100
39.899650 116.230100
39.899780 116.230100
39.899900 116.230100
39.899950 116.230200
39.899810 116.231000
39.899810 116.231100
39.899720 116.231100
39.899690 116.231200
39.899690 116.232400
39.899720 116.232500
39.899820 116.232500
39.899820 116.232700
39.899590 116.232700
39.899510 116.232500
39.899510 116.231100
39.899610 116.231000
39.901260 116.232700
39.900860 116.232700
39.900860 116.232600
39.900670 116.232600
39.900660 116.231800
39.900940 116.231800
39.900950 116.232400
39.901260 116.232400
39.900680 116.231200
39.900680 116.231600
39.900990 116.231600
39.900980 116.231200
39.901160 116.230200
39.900920 116.230200
39.900920 116.230200
39.900650 116.230200
39.900640 116.231000
39.900880 116.231000
39.900880 116.230400
39.901160 116.230400
39.901970 116.230200
39.901350 116.230200
39.901350 116.230400
39.901510 116.230400
39.901510 116.230800
39.901560 116.230800
39.901560 116.230800
39.901650 116.230800
39.901650 116.230900
39.901740 116.230900
39.901740 116.231000
39.901810 116.231000
39.901810 116.231100
39.901880 116.231100
39.901880 116.231200
39.901940 116.231200
39.901940 116.231300
39.902310 116.231300
39.902310 116.231200
39.902370 116.231200
39.902380 116.230600
39.902360 116.230600
39.902180 116.230600
39.902170 116.230400
39.902350 116.231500
39.902080 116.231500
39.902080 116.234200
39.902350 116.234200
39.901430 116.244000
39.901200 116.244000
39.901200 116.244700
39.901430 116.244700
39.900610 116.244000
39.900380 116.244000
39.900380 116.244700
39.900610 116.244700
39.899720 116.244000
39.899490 116.244000
39.899490 116.244600
39.899720 116.244600
39.901690 116.243900
39.901490 116.243900
39.901480 116.243100
39.901680 116.243100
39.900930 116.243900
39.900730 116.243900
39.900720 116.243100
39.900920 116.243100
39.900170 116.243900
39.899970 116.243900
39.899970 116.243100
39.900170 116.243100
39.899460 116.243900
39.899260 116.243900
39.899250 116.243100
39.899450 116.243100
39.899450 116.245400
39.899260 116.245400
39.899250 116.244800
39.899440 116.244800
39.900170 116.244800
39.899990 116.244800
39.899970 116.245900
39.900150 116.245900
39.900950 116.244800
39.900770 116.244800
39.900750 116.245900
39.900930 116.245900
39.901680 116.244800
39.901500 116.244800
39.901500 116.245300
39.901680 116.245300
39.901360 116.235500
39.901200 116.235500
39.901200 116.235900
39.901250 116.235900
39.901250 116.236300
39.900890 116.236300
39.900890 116.235900
39.900670 116.235900
39.900670 116.236300
39.900110 116.236300
39.900110 116.236300
39.900040 116.236300
39.900040 116.235900
39.900120 116.235900
39.900120 116.235600
39.899780 116.236700
39.901660 116.236700
39.901660 116.236300
39.901460 116.236300
39.901450 116.235900
39.901360 116.235900
39.902400 116.237200
39.902270 116.237200
39.902260 116.238500
39.902400 116.238500
39.902400 116.238100
39.902320 116.238100
39.902330 116.238000
39.902390 116.238000
39.902110 116.237200
39.901960 116.237200
39.901960 116.238000
39.902100 116.238000
39.902090 116.238100
39.901940 116.238100
39.901940 116.238600
39.902090 116.238600
39.901800 116.237200
39.901670 116.237200
39.901670 116.238000
39.901790 116.238000
39.901790 116.238100
39.901670 116.238100
39.901660 116.238600
39.901790 116.238600
39.901500 116.237400
39.901380 116.237400
39.901370 116.238000
39.901420 116.238000
39.901410 116.238600
39.901520 116.238600
39.901520 116.238000
39.901490 116.238000
39.899440 116.239000
39.899250 116.239000
39.899250 116.239700
39.899440 116.239700
39.899090 116.239000
39.898900 116.239000
39.898900 116.239700
39.899080 116.239700
39.898720 116.239000
39.898530 116.239000
39.898530 116.239700
39.898710 116.239700
39.898330 116.239000
39.898140 116.239000
39.898140 116.239700
39.898330 116.239700
39.897970 116.239000
39.897780 116.239000
39.897780 116.239700
39.897970 116.239700
39.897610 116.239000
39.897430 116.239000
39.897420 116.239700
39.897610 116.239700
39.899750 116.237300
39.898860 116.237300
39.898860 116.237700
39.899750 116.237700
39.899730 116.238700
39.899590 116.238700
39.899590 116.239500
39.899730 116.239500
39.899950 116.238800
39.899830 116.238800
39.899830 116.239300
39.899950 116.239300
39.901160 116.237900
39.901000 116.237900
39.901000 116.238000
39.900740 116.238000
39.900740 116.238300
39.900840 116.238300
39.900840 116.238200
39.901020 116.238200
39.901020 116.239200
39.900820 116.239200
39.900820 116.239200
39.900750 116.239200
39.900750 116.239400
39.901020 116.239400
39.901020 116.239400
39.901160 116.239400
39.902180 116.238800
39.901460 116.238800
39.901470 116.239600
39.902180 116.239600
39.903630 116.239400
39.903490 116.239400
39.903490 116.240300
39.903630 116.240300
39.903360 116.239500
39.903220 116.239500
39.903220 116.240300
39.903360 116.240300
39.903070 116.239500
39.902930 116.239500
39.902920 116.240300
39.903060 116.240300
39.903620 116.240400
39.903480 116.240400
39.903480 116.241300
39.903620 116.241300
39.903930 116.240400
39.903790 116.240400
39.903780 116.241300
39.903920 116.241300
39.904390 116.238400
39.904250 116.238400
39.904250 116.239200
39.904390 116.239200
39.904090 116.238400
39.903950 116.238400
39.903950 116.239200
39.904090 116.239200
39.904030 116.237300
39.903890 116.237300
39.903890 116.238200
39.904030 116.238200
39.903340 116.240400
39.903210 116.240400
39.903200 116.240900
39.903160 116.240900
39.903160 116.241300
39.903280 116.241300
39.903290 116.240900
39.903340 116.240900
39.903060 116.240400
39.902930 116.240400
39.902920 116.240900
39.902880 116.240900
39.902880 116.241300
39.903000 116.241300
39.903010 116.240900
39.903060 116.240900
39.903740 116.238300
39.903600 116.238300
39.903600 116.239300
39.903730 116.239300
39.903190 116.238100
39.902860 116.238100
39.902860 116.239300
39.903190 116.239300
39.902900 116.240400
39.902850 116.240400
39.902850 116.240800
39.902900 116.240800
39.903450 116.238500
39.903350 116.238500
39.903360 116.239300
39.903460 116.239300
39.903360 116.237400
39.903350 116.238000
39.903260 116.238000
39.903260 116.237400
39.903670 116.237300
39.903670 116.238000
39.903570 116.238000
39.903570 116.237300
39.903030 116.237300
39.903030 116.238000
39.902930 116.238000
39.902930 116.237300
39.903930 116.239500
39.903780 116.239500
39.903780 116.240300
39.903930 116.240400
39.898960 116.243300
39.898790 116.243300
39.898790 116.243800
39.898960 116.243800
39.898760 116.244000
39.898770 116.244600
39.898960 116.244600
39.898960 116.244000
39.898950 116.244700
39.898770 116.244700
39.898770 116.245100
39.898950 116.245100
39.898970 116.245300
39.898830 116.245300
39.898840 116.245800
39.898980 116.245800
39.898990 116.245900
39.898840 116.245900
39.898840 116.246400
39.899000 116.246400
39.898960 116.246400
39.898560 116.246400
39.898560 116.246500
39.898960 116.246500
39.898430 116.246400
39.898080 116.246400
39.898080 116.246500
39.898430 116.246500
39.897900 116.246300
39.897260 116.246300
39.897270 116.246500
39.897910 116.246500
39.898700 116.245300
39.898560 116.245300
39.898570 116.245900
39.898710 116.245900
39.898460 116.245300
39.898280 116.245300
39.898290 116.246300
39.898470 116.246300
39.898160 116.245300
39.898010 116.245300
39.898020 116.245900
39.898170 116.245900
39.898200 116.245900
39.898060 116.245900
39.898060 116.246400
39.898210 116.246400
39.898520 116.245200
39.898390 116.245200
39.898390 116.244500
39.898140 116.244500
39.898150 116.245200
39.898020 116.245200
39.898010 116.244400
39.898150 116.244400
39.898150 116.244400
39.898410 116.244300
39.898410 116.244400
39.898510 116.244400
39.897820 116.245200
39.897650 116.245200
39.897640 116.246200
39.897820 116.246200
39.897210 116.245800
39.897060 116.245800
39.897070 116.246500
39.897220 116.246500
39.897710 116.244400
39.897580 116.244400
39.897580 116.245100
39.897710 116.245100
39.897370 116.244400
39.897240 116.244400
39.897250 116.245100
39.897380 116.245100
39.897410 116.245200
39.897280 116.245200
39.897280 116.245700
39.897410 116.245700
39.898450 116.243700
39.898270 116.243700
39.898280 116.244100
39.898460 116.244100
39.897630 116.243800
39.897450 116.243800
39.897450 116.244200
39.897630 116.244200
39.898740 116.243100
39.897960 116.243100
39.897960 116.243700
39.898170 116.243700
39.898170 116.243300
39.898740 116.243300
39.897730 116.243100
39.897080 116.243100
39.897090 116.243500
39.897160 116.243500
39.897160 116.243700
39.897340 116.243700
39.897340 116.243500
39.897270 116.243500
39.897270 116.243300
39.897730 116.243300
39.896860 116.243100
39.896640 116.243100
39.896650 116.243600
39.896870 116.243600
39.896590 116.243200
39.896450 116.243200
39.896450 116.243200
39.896210 116.243200
39.896210 116.243400
39.896140 116.243400
39.896140 116.244400
39.897050 116.244400
39.897050 116.244100
39.896330 116.244100
39.896320 116.243400
39.896490 116.243400
39.896490 116.243400
39.896590 116.243400
39.895890 116.264500
39.895910 116.264800
39.895960 116.265200
39.896090 116.265600
39.896220 116.265700
39.896360 116.265800
39.896530 116.265800
39.896720 116.266000
39.896770 116.266000
39.896650 116.265700
39.896730 116.265700
39.896980 116.266300
39.897190 116.266900
39.897330 116.267200
39.897480 116.267400
39.902470 116.252400
39.901650 116.252400
39.901650 116.251500
39.901080 116.251500
39.901080 116.253800
39.902470 116.253800
39.902820 116.243900
39.902780 116.243900
39.902780 116.244100
39.902820 116.244100
39.900170 116.227400
39.900170 116.227900
39.900380 116.227900
39.900390 116.227400
39.900590 116.226700
39.900600 116.227300
39.900140 116.227300
39.900140 116.227100
39.900480 116.227100
39.900480 116.226800
39.900570 116.227400
39.900570 116.227900
39.900430 116.227900
39.900440 116.227400
39.900530 116.226100
39.900520 116.226700
39.900430 116.226700
39.900430 116.226100
39.900280 116.226700
39.900280 116.226800
39.899780 116.226800
39.899780 116.226700
39.900520 116.225900
39.900420 116.225900
39.900420 116.225300
39.900520 116.225300
39.900180 116.225300
39.900090 116.225300
39.900080 116.225900
39.900180 116.225900
39.900380 116.225300
39.900380 116.225700
39.900230 116.225700
39.900230 116.225300
39.900380 116.225700
39.900380 116.225900
39.900230 116.225900
39.900230 116.225700
39.902590 116.228100
39.901980 116.228100
39.901000 116.228000
39.900380 116.228000
39.899320 116.228100
39.898480 116.228100
39.898000 116.227900
39.897500 116.227800
39.896420 116.227500
39.896220 116.227400
39.899390 116.229500
39.899410 116.228800
39.899420 116.228100
39.899980 116.227700
39.899980 116.227900
39.899520 116.227900
39.899520 116.227500
39.899670 116.227500
39.899670 116.227700
39.900030 116.228300
39.900020 116.229000
39.899920 116.229000
39.899930 116.228300
39.901440 116.226800
39.901440 116.226900
39.901450 116.227000
39.901560 116.227100
39.901520 116.227200
39.901420 116.227100
39.901380 116.227100
39.901310 116.227100
39.901260 116.227000
39.901330 116.227000
39.901360 116.226900
39.901370 116.226800
39.901910 116.227400
39.901920 116.227500
39.901930 116.227600
39.902020 116.227600
39.901980 116.227700
39.901890 116.227700
39.901860 116.227700
39.901780 116.227700
39.901730 116.227600
39.901810 116.227600
39.901830 116.227500
39.901830 116.227400
39.902070 116.226400
39.902060 116.226600
39.902080 116.226600
39.902180 116.226700
39.902140 116.226800
39.902060 116.226700
39.902010 116.226700
39.901940 116.226800
39.901880 116.226700
39.901950 116.226600
39.901970 116.226600
39.901980 116.226400
39.901950 116.228200
39.901950 116.228800
39.901840 116.228800
39.901840 116.228200
39.902030 116.225600
39.902030 116.226200
39.901890 116.226200
39.901890 116.225600
39.901680 116.225600
39.901680 116.226200
39.901550 116.226200
39.901550 116.225600
39.901680 116.224800
39.901690 116.225400
39.901560 116.225400
39.901550 116.224800
39.902050 116.224800
39.902040 116.225400
39.901900 116.225400
39.901910 116.224800
39.902370 116.267500
39.902230 116.266700
39.905100 116.247200
39.904700 116.247000
39.905400 116.246800
39.904970 116.246600
39.905840 116.246400
39.901890 116.266100
39.905680 116.256800
39.905670 116.258100
39.905610 116.258200
39.905220 116.258200
39.905220 116.257900
39.905500 116.257900
39.905500 116.257600
39.905350 116.257600
39.905360 116.257500
39.905510 116.257500
39.905510 116.257000
39.905370 116.257000
39.905370 116.256800
39.905490 116.256800
39.905490 116.256800
39.901810 116.265700
39.897690 116.214800
39.897070 116.214800
39.897090 116.215400
39.896370 116.215500
39.896380 116.217400
39.897690 116.217400
39.897370 116.213000
39.896210 116.212900
39.896200 116.214500
39.896970 116.214500
39.896970 116.214700
39.897680 116.214700
39.897640 116.213800
39.898240 116.210400
39.896160 116.210400
39.896160 116.211200
39.896330 116.212900
39.897330 116.212900
39.897660 116.212900
39.897840 116.213600
39.898970 116.212400
39.898410 116.211700
39.898300 116.211200
39.899890 116.208600
39.899280 116.208600
39.898980 116.208700
39.898740 116.208900
39.898500 116.209300
39.898490 116.209700
39.898510 116.211100
39.898670 116.211600
39.899110 116.212200
39.899960 116.211400
39.900100 116.211400
39.900200 116.211500
39.901110 116.211500
39.901120 116.208600
39.902460 116.210900
39.901110 116.210900
39.901130 116.212600
39.902460 116.212600
39.902460 116.210000
39.901840 116.210000
39.901850 116.210900
39.901160 116.209500
39.901160 116.210900
39.901780 116.210900
39.901790 116.209500
39.901830 116.264500
39.900930 116.212800
39.900090 116.211600
39.900000 116.211600
39.899250 116.212400
39.900070 116.213800
39.900360 116.213700
39.900880 116.213000
39.900150 116.214000
39.900140 116.214700
39.900240 116.214900
39.901340 116.214900
39.901340 116.214100
39.901300 116.215200
39.900260 116.215200
39.899810 116.216600
39.900810 116.216600
39.901060 116.216500
39.901330 116.216500
39.902450 116.216600
39.901950 116.216600
39.901920 116.216400
39.900930 116.216600
39.900950 116.217500
39.902420 116.217500
39.902430 116.215200
39.901390 116.215200
39.901410 116.216400
39.902020 116.216300
39.902040 116.216500
39.902480 116.216500
39.902450 116.217700
39.899440 116.217700
39.898360 116.217800
39.898370 116.222700
39.898580 116.223100
39.902130 116.222700
39.902500 116.222200
39.898290 116.217800
39.896330 116.217800
39.896320 116.219900
39.896280 116.220800
39.896350 116.222400
39.896880 116.223200
39.897120 116.223200
39.898290 116.223000
39.897120 116.219900
39.896110 116.219900
39.896110 116.220800
39.897090 116.220800
39.896350 116.223000
39.896070 116.223000
39.896070 116.223200
39.896350 116.223200
39.902390 116.223300
39.900600 116.223400
39.897610 116.223700
39.897650 116.224600
39.897680 116.225700
39.896830 116.225700
39.896830 116.224600
39.896140 116.224600
39.896150 116.225800
39.896030 116.225800
39.896050 116.227500
39.896090 116.229500
39.897760 116.229400
39.897840 116.228700
39.898510 116.228700
39.898500 116.229400
39.898940 116.229400
39.899710 116.229400
39.902090 116.229400
39.902410 116.228900
39.899200 116.213200
39.898430 116.214000
39.898850 116.214800
39.898880 116.215600
39.898820 116.216000
39.898790 116.217400
39.898800 116.217600
39.899280 116.217600
39.899390 116.217300
39.899960 116.215400
39.899900 116.214600
39.899770 116.213700
39.899350 116.213000
39.899080 116.212600
39.898130 116.213600
39.898380 116.214000
39.899280 116.213000
39.898070 116.213700
39.897840 116.214000
39.897820 116.216900
39.898110 116.216900
39.898770 116.215800
39.898780 116.214800
39.898720 116.216100
39.898330 116.216700
39.898300 116.217600
39.898740 116.217600
39.900040 116.247500
39.900040 116.247900
39.900060 116.247900
39.900060 116.248000
39.899600 116.248000
39.899600 116.248300
39.899310 116.248300
39.899310 116.247500
39.900110 116.248000
39.899610 116.248000
39.899610 116.248300
39.899580 116.248300
39.899570 116.248900
39.899610 116.248900
39.899670 116.248700
39.899800 116.248700
39.900040 116.248700
39.900040 116.248600
39.900110 116.248600
39.899560 116.248300
39.899300 116.248300
39.899300 116.249400
39.899510 116.249400
39.899510 116.249200
39.899560 116.249200
39.899290 116.249600
39.899270 116.249600
39.899370 116.250200
39.899370 116.250200
39.899500 116.250200
39.899560 116.250200
39.899560 116.250300
39.899620 116.250300
39.899630 116.250200
39.900150 116.247300
39.902500 116.247200
39.902500 116.247000
39.902500 116.246800
39.902500 116.246600
39.899230 116.250500
39.899230 116.250600
39.899280 116.250700
39.899340 116.250800
39.899840 116.250700
39.899910 116.250700
39.899950 116.250600
39.899950 116.250500
39.899930 116.250400
39.899890 116.250300
39.899850 116.250300
39.899310 116.250300
39.899260 116.250400
39.899240 116.250400
39.902340 116.249600
39.902350 116.250400
39.901810 116.250400
39.901800 116.249600
39.899370 116.250900
39.899300 116.251000
39.899250 116.251100
39.899220 116.251300
39.899220 116.251600
39.899220 116.251800
39.899440 116.251800
39.899650 116.251800
39.899650 116.251800
39.899950 116.251800
39.899950 116.251100
39.899980 116.251100
39.899980 116.250900
39.899780 116.250900
39.899780 116.250900
39.899650 116.250900
39.899650 116.251100
39.899710 116.251100
39.899710 116.251200
39.899690 116.251200
39.899690 116.251300
39.899710 116.251300
39.899710 116.251600
39.899610 116.251600
39.899610 116.251500
39.899560 116.251500
39.899560 116.251600
39.899390 116.251600
39.899380 116.251300
39.899400 116.251200
39.899430 116.251100
39.899480 116.251000
39.899950 116.248800
39.900010 116.249000
39.900060 116.249000
39.900060 116.249100
39.900120 116.249200
39.900040 116.249300
39.900020 116.249200
39.899960 116.249200
39.899960 116.249200
39.899900 116.249200
39.899880 116.249100
39.899880 116.249100
39.899860 116.249000
39.899880 116.249000
39.899850 116.248900
39.899870 116.249800
39.899770 116.249900
39.899710 116.249900
39.899650 116.250000
39.899540 116.249900
39.899450 116.249700
39.899450 116.249500
39.899530 116.249500
39.899520 116.249200
39.899700 116.249200
39.899680 116.249400
39.899770 116.249600
39.899830 116.248900
39.899760 116.249000
39.899710 116.249000
39.899700 116.249200
39.899870 116.249700
39.899950 116.249700
39.900160 116.249500
39.900130 116.249200
39.900040 116.249300
39.900010 116.249200
39.899950 116.249200
39.899950 116.249200
39.899880 116.249200
39.899860 116.249100
39.900160 116.249600
39.899870 116.249900
39.900050 116.250500
39.900120 116.250500
39.900180 116.250400
39.900170 116.249600
39.899890 116.250200
39.899980 116.250500
39.899890 116.250000
39.899970 116.250300
39.898990 116.250800
39.900450 116.251800
39.900910 116.251800
39.900000 116.251800
39.900100 116.247400
39.899230 116.247400
39.899190 116.250300
39.899230 116.250800
39.899490 116.250300
39.899660 116.250300
39.899960 116.250300
39.899680 116.248900
39.899910 116.248800
39.900100 116.247800
39.900380 116.247800
39.900380 116.247800
39.900820 116.247800
39.900380 116.247500
39.900760 116.247400
39.900790 116.247300
39.902000 116.247300
39.901750 116.247300
39.901750 116.248000
39.900380 116.247600
39.900820 116.247600
39.900870 116.247400
39.900870 116.247900
39.900280 116.247900
39.900280 116.247700
39.900350 116.247700
39.900350 116.247400
39.900230 116.247700
39.900230 116.247400
39.901400 116.247400
39.901400 116.247900
39.901730 116.247400
39.901730 116.247900
39.901780 116.247400
39.902040 116.247400
39.902040 116.247300
39.902440 116.247300
39.902440 116.248100
39.901920 116.248100
39.901920 116.248000
39.901780 116.248000
39.902170 116.248100
39.902170 116.248300
39.902440 116.248300
39.901880 116.248100
39.901880 116.249400
39.902450 116.249400
39.901040 116.250900
39.900950 116.250900
39.900950 116.251200
39.901050 116.251200
39.901050 116.251300
39.901040 116.251800
39.900940 116.251800
39.900950 116.251300
39.899200 116.249500
39.899640 116.249500
39.900910 116.249500
39.900290 116.248200
39.901790 116.248200
39.899110 116.267400
39.901520 116.248400
39.901510 116.249200
39.900540 116.249200
39.900540 116.248400
39.900190 116.247800
39.900190 116.247400
39.902010 116.267100
39.901700 116.266500
39.899730 116.249700
39.899850 116.249600
39.899910 116.249600
39.899920 116.249600
39.899910 116.249500
39.899960 116.249500
39.900020 116.249500
39.900080 116.249600
39.899840 116.249500
39.899870 116.249500
39.899600 116.249300
39.899860 116.249500
39.899790 116.249300
39.899880 116.249300
39.899940 116.249400
39.899840 116.249200
39.899780 116.249100
39.899740 116.249000
39.899760 116.249000
39.899790 116.249000
39.901150 116.250400
39.900840 116.247900
39.900990 116.248000
39.900990 116.249500
39.900970 116.249600
39.900980 116.249700
39.900950 116.249800
39.900990 116.250000
39.900950 116.250100
39.900980 116.250300
39.900940 116.250400
39.900980 116.250500
39.900980 116.250600
39.901450 116.249500
39.901450 116.249900
39.901290 116.249900
39.901280 116.250200
39.901410 116.250200
39.901410 116.250000
39.900330 116.249500
39.900330 116.249700
39.900450 116.249900
39.900560 116.249800
39.900450 116.250000
39.900480 116.250300
39.900190 116.249800
39.900130 116.249800
39.901560 116.266100
39.901560 116.264200
39.901750 116.263900
39.899270 116.263400
39.902220 116.263400
39.902060 116.263300
39.900280 116.248000
39.901730 116.248000
39.901080 116.248200
39.900040 116.247700
39.900040 116.248600
39.899560 116.248900
39.899540 116.249200
39.899500 116.249900
39.899860 116.250000
39.899430 116.249500
39.900680 116.249600
39.900690 116.249500
39.901580 116.250000
39.901450 116.250000
39.901220 116.250000
39.901800 116.249800
39.901810 116.250200
39.900570 116.251200
39.900800 116.251200
39.900350 116.251200
39.900140 116.251200
39.900450 116.250400
39.899490 116.263200
39.899450 116.263400
39.899220 116.248000
39.899870 116.248000
39.900110 116.248000
39.899310 116.248000
39.900030 116.247300
39.900030 116.247300
39.899710 116.247300
39.899710 116.247300
39.899300 116.247300
39.899300 116.247300
39.902390 116.249400
39.901940 116.249400
39.901940 116.249500
39.902390 116.249500
39.902400 116.250600
39.902450 116.249500
39.902390 116.249500
39.902390 116.250400
39.902460 116.250400
39.901030 116.250600
39.901040 116.250900
39.901550 116.250900
39.901550 116.250600
39.899140 116.250300
39.899210 116.250300
39.899210 116.250800
39.899140 116.250800
39.900120 116.251500
39.900120 116.251800
39.900000 116.251800
39.900000 116.251500
39.900080 116.250700
39.900010 116.250700
39.900020 116.250900
39.900080 116.250900
39.900290 116.248100
39.900920 116.248100
39.900920 116.248200
39.901190 116.248200
39.901190 116.248100
39.901810 116.248100
39.901040 116.251300
39.900950 116.251300
39.900950 116.250800
39.901030 116.250800
39.898970 116.263300
39.899280 116.258800
39.901450 116.245700
39.901300 116.246000
39.901300 116.246500
39.902180 116.246400
39.902320 116.246300
39.902320 116.245700
39.899130 116.259000
39.899120 116.264500
39.902500 116.247200
39.902680 116.247200
39.902680 116.247200
39.902840 116.247200
39.902840 116.246600
39.902500 116.246600
39.899190 116.246600
39.899200 116.247200
39.898860 116.247200
39.898870 116.246600
39.902590 116.250600
39.902590 116.250700
39.903020 116.250700
39.903020 116.249200
39.904250 116.249200
39.903710 116.250700
39.903710 116.249200
39.904320 116.249200
39.904150 116.247200
39.904150 116.249200
39.899510 116.264500
39.905820 116.250800
39.905090 116.250800
39.905090 116.252200
39.905820 116.252200
39.905830 116.247400
39.905500 116.247400
39.905500 116.248400
39.905180 116.249100
39.905730 116.249100
39.905730 116.248500
39.905830 116.248500
39.905500 116.247200
39.902700 116.247200
39.902700 116.250700
39.905180 116.250700
39.905170 116.248400
39.905450 116.232400
39.905510 116.232200
39.905260 116.232100
39.905190 116.232300
39.902200 116.238000
39.901870 116.238000
39.899540 116.263200
39.900400 116.263200
39.900420 116.260900
39.901320 116.261000
39.901300 116.263200
39.902060 116.263200
39.902270 116.263300
39.902480 116.263000
39.901310 116.259500
39.905060 116.250600
39.903980 116.248200
39.905300 116.250500
39.905570 116.249400
39.905690 116.250400
39.905570 116.250400
39.905690 116.249400
39.905300 116.249400
39.903070 116.248200
39.903640 116.248100
39.902760 116.248100
39.903490 116.249200
39.903770 116.247300
39.902850 116.247400
39.903450 116.249400
39.903480 116.248200
39.902750 116.249300
39.903350 116.247400
39.903670 116.249200
39.902870 116.249200
39.903160 116.248100
39.904330 116.249400
39.902870 116.248200
39.903160 116.247400
39.903980 116.249200
39.903070 116.249200
39.903770 116.248100
39.902850 116.248100
39.904960 116.249600
39.904090 116.248200
39.903440 116.250600
39.903380 116.248200
39.902750 116.250600
39.903350 116.248100
39.903600 116.249400
39.903780 116.249200
39.904320 116.250600
39.903780 116.248200
39.902760 116.248200
39.903070 116.247400
39.904530 116.249400
39.904090 116.249200
39.903180 116.249200
39.904970 116.250600
39.903180 116.248200
39.903640 116.247300
39.902760 116.247400
39.905060 116.249600
39.903590 116.250600
39.903380 116.249200
39.902900 116.250600
39.903470 116.248100
39.902900 116.249300
39.903480 116.247400
39.904530 116.250600
39.903670 116.248200
39.902760 116.249200
39.903070 116.248100
39.903700 116.244900
39.904350 116.245200
39.904260 116.245100
39.904190 116.245000
39.904190 116.244900
39.904070 116.245000
39.903980 116.244900
39.903960 116.244700
39.903990 116.244600
39.903970 116.244500
39.903980 116.244500
39.904000 116.244400
39.903970 116.244400
39.903970 116.244300
39.903980 116.244200
39.904000 116.244100
39.904060 116.244000
39.904150 116.244100
39.904180 116.244200
39.904920 116.231700
39.904960 116.231700
39.904820 116.231800
39.904690 116.232600
39.904360 116.232500
39.904700 116.232600
39.904770 116.232600
39.904230 116.232600
39.904340 116.232500
39.904860 116.232400
39.904830 116.231700
39.904820 116.231800
39.904970 116.231700
39.904940 116.231700
39.904510 116.232800
39.904450 116.232800
39.904360 116.232800
39.904320 116.232700
39.904710 116.232700
39.904670 116.232800
39.904620 116.232800
39.904560 116.232800
39.904740 116.232600
39.904280 116.232700
39.904250 116.232600
39.904630 116.232700
39.904620 116.232700
39.904720 116.232500
39.904680 116.232300
39.904640 116.232300
39.904580 116.232000
39.904540 116.232000
39.904910 116.231500
39.904970 116.231500
39.904390 116.231400
39.900770 116.212100
39.897370 116.239800
39.897380 116.242900
39.902440 116.242900
39.902410 116.241600
39.901410 116.241600
39.901380 116.240300
39.901280 116.240300
39.901270 116.240200
39.899820 116.240200
39.899820 116.239800
39.899050 116.246600
39.901620 116.253200
39.901490 116.252200
39.901090 116.253100
39.901700 116.253700
39.901180 116.251500
39.901710 116.253200
39.901480 116.251800
39.902020 116.252400
39.901090 116.252800
39.902240 116.253100
39.901260 116.253500
39.901490 116.251500
39.901910 116.253100
39.901400 116.253100
39.902260 116.253700
39.902020 116.253700
39.902240 116.252400
39.902340 116.253200
39.901180 116.252500
39.902340 116.253100
39.901260 116.253400
39.902250 116.253200
39.901920 116.253700
39.901400 116.252800
39.901090 116.253700
39.902340 116.253700
39.902020 116.253100
39.901180 116.252200
39.901920 116.253100
39.901490 116.252500
39.902340 116.252400
39.901090 116.253400
39.901620 116.253700
39.901920 116.252400
39.901450 116.253700
39.901180 116.251800
39.902020 116.253100
39.901450 116.253500
39.902470 116.250600
39.900150 116.247300
39.899480 116.249400
39.899610 116.252700
39.899500 116.252700
39.899970 116.252700
39.899850 116.252700
39.900310 116.252700
39.900180 116.252700
39.900640 116.252700
39.900490 116.252700
39.900990 116.252700
39.900850 116.252700
39.901200 116.257400
39.900860 116.257400
39.900860 116.256100
39.899600 116.256100
39.899590 116.256500
39.899100 116.256500
39.899100 116.258300
39.899210 116.258500
39.901180 116.258500
39.902450 116.257400
39.901640 116.257400
39.901610 116.257700
39.901190 116.257700
39.902440 116.258500
39.901010 116.253900
39.899600 116.253900
39.899600 116.252700
39.900840 116.252700
39.901010 116.253200
39.900840 116.253200
39.905010 116.249200
39.905000 116.248300
39.904900 116.248300
39.904900 116.248200
39.904640 116.248200
39.904650 116.249000
39.904590 116.249000
39.904590 116.249200
39.902730 116.253800
39.902680 116.250800
39.905010 116.250800
39.905010 116.252300
39.905860 116.252300
39.905860 116.253800
39.897440 116.224600
39.896830 116.224700
39.897640 116.225700
39.897640 116.225400
39.897470 116.225400
39.899450 116.227300
39.897680 116.227300
39.897660 116.227700
39.897840 116.227800
39.898230 116.227900
39.898460 116.228000
39.899450 116.228000
39.898360 116.227300
39.898360 116.227300
39.898340 116.227900
39.896690 116.230200
39.898560 116.230300
39.898570 116.232700
39.897020 116.232700
39.897010 116.230500
39.897350 116.230500
39.897350 116.230300
39.895860 116.205500
39.896040 116.205400
39.896350 116.205300
39.896180 116.264000
39.902270 116.242200
39.902020 116.242200
39.901850 116.242300
39.901730 116.242000
39.901050 116.241900
39.900970 116.241600
39.900890 116.241600
39.900840 116.241100
39.900720 116.240900
39.898910 116.240900
39.898960 116.241600
39.898970 116.242200
39.899150 116.242200
39.898980 116.242300
39.899230 116.242400
39.899690 116.242300
39.900150 116.242200
39.900960 116.242200
39.900710 116.241600
39.900580 116.241800
39.900500 116.242000
39.900400 116.242100
39.900290 116.242100
39.900240 116.242100
39.900190 116.242000
39.900140 116.241900
39.900070 116.241800
39.899960 116.241800
39.899840 116.241900
39.899770 116.241900
39.899760 116.242000
39.899690 116.242100
39.899590 116.242100
39.899390 116.242100
39.899290 116.242200
39.899240 116.241700
39.900190 116.240900
39.900200 116.241100
39.900150 116.241300
39.900100 116.241400
39.900140 116.241500
39.900220 116.241600
39.900150 116.241700
39.900210 116.241800
39.897440 116.240900
39.897840 116.241700
39.897830 116.240900
39.897900 116.242400
39.898530 116.242200
39.897980 116.242800
39.899460 116.242300
39.899450 116.242800
39.898030 116.240900
39.898030 116.241300
39.897930 116.241500
39.900900 116.240900
39.900730 116.240700
39.900550 116.240600
39.899880 116.240700
39.899770 116.240900
39.899770 116.240400
39.899700 116.240200
39.899460 116.240200
39.899260 116.240200
39.899020 116.240200
39.898900 116.240200
39.898740 116.240300
39.898780 116.240700
39.898850 116.240900
39.898360 116.240900
39.901030 116.241900
39.901290 116.242200
39.901300 116.241900
39.901270 116.242800
39.901290 116.242300
39.901530 116.242500
39.901740 116.242300
39.901830 116.242400
39.902010 116.242400
39.902250 116.242400
39.902250 116.242800
39.901520 116.242800
39.901840 116.242800
39.902170 116.242400
39.902080 116.242600
39.902130 116.242800
39.905540 116.229500
39.901370 116.259600
39.902500 116.259600
39.902500 116.258800
39.899110 116.251900
39.899940 116.250300
39.899990 116.250500
39.899980 116.250600
39.900000 116.251900
39.899230 116.250300
39.899230 116.250300
39.901320 116.258800
39.904660 116.261000
39.904670 116.258600
39.905250 116.254100
39.901380 116.210900
39.901810 116.210900
39.902570 116.210900
39.901400 116.211700
39.902560 116.211700
39.904310 116.205800
39.904520 116.205900
39.904560 116.208700
39.902780 116.208700
39.902800 116.212100
39.904600 116.212100
39.904610 116.208700
39.900090 116.258600
39.903440 116.254100
39.902770 116.253900
39.900980 116.258600
39.897190 116.258500
39.896640 116.258600
39.904160 116.258600
39.905820 116.253900
39.904000 116.258600
39.905250 116.254200
39.902470 116.251400
39.901780 116.251500
39.902430 116.251500
39.902430 116.251900
39.902320 116.251900
39.902320 116.251900
39.902240 116.251900
39.902240 116.251900
39.901890 116.251900
39.901890 116.251900
39.901780 116.251900
39.901920 116.254800
39.902460 116.254800
39.902460 116.255900
39.901910 116.255900
39.901650 116.254200
39.901920 116.254200
39.897220 116.253700
39.898850 116.253700
39.898850 116.250400
39.897240 116.250300
39.896080 116.247300
39.898900 116.247300
39.896100 116.253800
39.898870 116.248200
39.897260 116.248200
39.896150 116.254200
39.898880 116.254100
39.898880 116.258300
39.898750 116.258400
39.896120 116.258400
39.899120 116.254100
39.899760 116.254100
39.899760 116.256100
39.896020 116.258900
39.896170 116.258800
39.898880 116.258800
39.898890 116.259900
39.898000 116.259900
39.898020 116.260800
39.897710 116.260800
39.897710 116.261400
39.897630 116.263000
39.896860 116.263000
39.896840 116.262000
39.896090 116.262000
39.896060 116.261000
39.897690 116.261900
39.898850 116.261900
39.898830 116.263300
39.897910 116.263300
39.897910 116.263200
39.897620 116.263200
39.898840 116.260900
39.897710 116.260900
39.896200 116.263300
39.896530 116.264500
39.896700 116.264900
39.897170 116.265000
39.897220 116.263000
39.904530 116.261100
39.905900 116.261000
39.905880 116.263200
39.904540 116.263300
39.905350 116.256600
39.905860 116.256600
39.905850 116.258100
39.905680 116.258300
39.905170 116.258300
39.905170 116.257400
39.905320 116.257300
39.902730 116.256300
39.904720 116.256400
39.904740 116.257400
39.905160 116.257400
39.905070 116.258400
39.902720 116.258400
39.902770 116.254100
39.903440 116.254100
39.903420 116.256200
39.902760 116.256200
39.902590 116.256300
39.903590 116.256300
39.903610 116.255100
39.905050 116.255100
39.905040 116.254200
39.903540 116.254200
39.903540 116.255100
39.903600 116.255600
39.904590 116.255600
39.904600 116.255100
39.904600 116.256100
39.904000 116.255100
39.903990 116.256200
39.903990 116.255600
39.905280 116.255900
39.905840 116.255900
39.905820 116.254200
