39.908770 116.357200
39.912520 116.353800
39.912620 116.357300
39.915480 116.358300
39.919580 116.358400
39.921740 116.358400
39.906160 116.357000
39.911550 116.357000
39.912720 116.362500
39.905910 116.350700
39.917190 116.358300
39.905920 116.357400
39.911220 116.357100
39.911530 116.357100
39.912620 116.357400
39.914700 116.358300
39.915240 116.358500
39.916010 116.358600
39.917040 116.358600
39.921370 116.358600
39.921610 116.358600
39.917190 116.358600
39.917040 116.358400
39.915610 116.351200
39.915640 116.354100
39.915750 116.354700
39.915770 116.355100
39.915690 116.355500
39.915250 116.356200
39.915110 116.356400
39.914940 116.356800
39.914900 116.357300
39.914900 116.358200
39.917000 116.351100
39.912490 116.351400
39.920720 116.358600
39.920730 116.362200
39.920790 116.365200
39.920770 116.366300
39.920840 116.366300
39.919090 116.360900
39.919090 116.363400
39.919320 116.363400
39.919400 116.365900
39.917930 116.362600
39.917210 116.361000
39.916600 116.364700
39.910720 116.357100
39.910690 116.360600
39.910460 116.360800
39.910430 116.363000
39.910290 116.363500
39.907580 116.365500
39.908970 116.365000
39.910230 116.365000
39.907660 116.362800
39.907460 116.363700
39.907490 116.365500
39.907540 116.366500
39.907850 116.366500
39.908720 116.366000
39.910120 116.365900
39.910230 116.366000
39.911520 116.366000
39.912310 116.366000
39.910240 116.365100
39.912270 116.365000
39.913010 116.365000
39.912750 116.362800
39.917230 116.362600
39.915000 116.359500
39.915080 116.362800
39.914000 116.362800
39.913850 116.364900
39.912770 116.359600
39.911770 116.360300
39.911930 116.359600
39.905900 116.359900
39.908040 116.360000
39.908010 116.357100
39.908020 116.357000
39.907740 116.359900
39.907670 116.362700
39.909310 116.362700
39.909340 116.360800
39.909200 116.365000
39.908250 116.360800
39.908120 116.360500
39.911430 116.350600
39.920700 116.353800
39.920580 116.353700
39.920210 116.353700
39.920110 116.353900
39.920080 116.354000
39.920140 116.355500
39.920670 116.355500
39.920710 116.355300
39.917010 116.353600
39.917150 116.353600
39.920600 116.353600
39.920830 116.353700
39.914950 116.367200
39.912460 116.350700
39.909020 116.350600
39.910180 116.350800
39.915620 116.353700
39.910740 116.353600
39.907260 116.353100
39.908760 116.354700
39.912560 116.354800
39.908770 116.357000
39.908860 116.353400
39.910740 116.357000
39.910720 116.354800
39.910780 116.351400
39.910770 116.350800
39.914060 116.354800
39.914030 116.353800
39.914010 116.351300
39.917160 116.351100
39.919880 116.351000
39.919960 116.353600
39.920130 116.356600
39.910790 116.357100
39.911820 116.357300
39.915660 116.358200
39.914910 116.358400
39.907250 116.351500
39.909290 116.350800
39.913560 116.357600
39.919590 116.357900
39.908440 116.353400
39.910790 116.352500
39.908180 116.366200
39.918570 116.355000
39.911520 116.353600
39.916580 116.363600
39.917000 116.355100
39.915630 116.365900
39.915500 116.359500
39.909250 116.360200
39.909960 116.360800
39.921450 116.356500
39.915350 116.365900
39.914020 116.361600
39.913550 116.354800
39.909040 116.357100
39.916560 116.360600
39.917920 116.361800
39.914350 116.361500
39.909080 116.358300
39.914850 116.364100
39.914400 116.365600
39.914350 116.364000
39.915480 116.360600
39.917930 116.362900
39.918570 116.353600
39.917090 116.356700
39.916580 116.363200
39.914660 116.365500
39.916020 116.358300
39.918710 116.360800
39.910070 116.359400
39.907600 116.350900
39.918550 116.362800
39.913510 116.359700
39.908870 116.351400
39.909990 116.359500
39.920020 116.355500
39.909780 116.353400
39.916130 116.363200
39.914350 116.359500
39.918880 116.358400
39.908750 116.353400
39.915030 116.361500
39.911500 116.352500
39.909420 116.358200
39.909430 116.358300
39.915010 116.364200
39.914930 116.354800
39.915030 116.360600
39.911820 116.362500
39.917930 116.356700
39.914020 116.359500
39.920760 116.363300
39.908070 116.360200
39.906950 116.361500
39.917900 116.355000
39.912500 116.352500
39.906220 116.359900
39.915340 116.364200
39.914850 116.365300
39.915850 116.366800
39.913880 116.366300
39.910690 116.359400
39.907060 116.351400
39.918840 116.363300
39.921470 116.363300
39.918870 116.357400
39.909510 116.360200
39.906380 116.351400
39.909750 116.351400
39.907450 116.363900
39.916130 116.362700
39.914960 116.364700
39.915640 116.366600
39.911770 116.361600
39.909260 116.360800
39.906230 116.361500
39.915990 116.356800
39.921490 116.358300
39.913540 116.361600
39.912700 116.361600
39.921380 116.353800
39.917020 116.356700
39.913070 116.365900
39.917940 116.358400
39.914030 116.358100
39.920170 116.358400
39.908710 116.365100
39.918600 116.356700
39.915370 116.362800
39.911490 116.351400
39.914220 116.365900
39.913920 116.364000
39.914010 116.352400
39.914210 116.366300
39.917300 116.358300
39.906530 116.364000
39.906530 116.364300
39.906530 116.365400
39.906230 116.365400
39.906230 116.365200
39.906350 116.365200
39.906260 116.364100
39.920910 116.350700
39.921040 116.350800
39.921120 116.350700
39.921300 116.350800
39.907180 116.350900
39.907480 116.350800
39.906380 116.353100
39.907240 116.350600
39.907040 116.351000
39.907220 116.350800
39.907120 116.350900
39.907380 116.350700
39.905910 116.351100
39.907250 116.350700
39.907540 116.350900
39.921650 116.358300
39.909090 116.350700
39.909090 116.350800
39.909110 116.350800
39.909150 116.350900
39.909210 116.350900
39.909260 116.350800
39.918840 116.365100
39.917970 116.365200
39.919360 116.365100
39.922190 116.364000
39.906090 116.350700
39.906140 116.350700
39.906140 116.350600
39.906180 116.350800
39.906220 116.350800
39.906220 116.350900
39.906340 116.350600
39.907100 116.350900
39.907130 116.350800
39.907170 116.350600
39.907170 116.350800
39.907180 116.350700
39.907470 116.350700
39.907520 116.350700
39.907580 116.350800
39.907650 116.350800
39.907230 116.357000
39.909200 116.350800
39.909330 116.350800
39.909450 116.350600
39.909720 116.350800
39.909790 116.350700
39.909880 116.350800
39.910090 116.350800
39.910000 116.350800
39.910380 116.350600
39.913090 116.365000
39.913150 116.365900
39.921550 116.364000
39.918820 116.364000
39.911240 116.357000
39.911660 116.350700
39.911770 116.350800
39.911950 116.350900
39.912460 116.350800
39.912470 116.350800
39.912580 116.350700
39.912600 116.350800
39.912620 116.351300
39.912630 116.352500
39.912650 116.353800
39.912680 116.354800
39.912690 116.359600
39.912720 116.357300
39.912720 116.357500
39.912760 116.355600
39.912760 116.355800
39.912780 116.361600
39.912800 116.362500
39.912830 116.362800
39.913130 116.357700
39.913170 116.350800
39.913420 116.350700
39.913490 116.357700
39.913550 116.350800
39.913700 116.350800
39.914420 116.358100
39.913650 116.350700
39.912690 116.355700
39.914340 116.367200
39.914370 116.367200
39.915530 116.367200
39.915570 116.367100
39.921550 116.364800
39.921950 116.366700
39.921570 116.364800
39.921570 116.364800
39.912540 116.367300
39.921540 116.364800
39.921730 116.366200
39.921730 116.364800
39.921660 116.364800
39.921660 116.364200
39.922020 116.364200
39.922020 116.364800
39.921980 116.364800
39.921980 116.365600
39.915290 116.350700
39.915510 116.350700
39.915440 116.350600
39.922020 116.365600
39.922030 116.365800
39.920120 116.358600
39.917880 116.358700
39.918660 116.360600
39.918660 116.358800
39.919750 116.358700
39.907770 116.350800
39.913100 116.350700
39.914070 116.357800
39.915320 116.358400
39.915710 116.358400
39.916140 116.358500
39.916640 116.358500
39.917190 116.358700
39.918870 116.358600
39.919590 116.358600
39.920410 116.353600
39.921830 116.354000
39.919900 116.352100
39.918080 116.361700
39.918570 116.361800
39.918540 116.358800
39.917250 116.358800
39.918560 116.360600
39.917280 116.361700
39.921470 116.362900
39.918850 116.363400
39.919850 116.364300
39.919860 116.364600
39.919340 116.364300
39.919650 116.363400
39.919110 116.362200
39.905910 116.351000
39.907040 116.350900
39.908180 116.360700
39.908330 116.360800
39.911900 116.357200
39.911910 116.357100
39.912290 116.357300
39.912300 116.357200
39.905920 116.358200
39.921080 116.350600
39.908720 116.366200
39.910350 116.366100
39.907630 116.363000
39.908650 116.366300
39.908360 116.366300
39.908910 116.366100
39.910190 116.367300
39.908140 116.366400
39.910170 116.366100
39.908280 116.366300
39.908210 116.366400
39.908360 116.366300
39.922180 116.365800
39.918660 116.363200
39.918670 116.363300
39.918830 116.360900
39.919610 116.367300
39.919770 116.367300
39.919800 116.366500
39.919820 116.366800
39.919950 116.366500
39.919970 116.366800
39.911530 116.353000
39.911540 116.353400
39.911530 116.352900
39.911600 116.352800
39.911650 116.352700
39.911650 116.352700
39.911660 116.352800
39.911660 116.352800
39.911670 116.352700
39.911690 116.352700
39.911700 116.352700
39.911790 116.352600
39.911720 116.352700
39.911950 116.352600
39.912060 116.352700
39.912120 116.353400
39.912340 116.352700
39.912350 116.353100
39.908650 116.357200
39.908750 116.357200
39.909500 116.356900
39.909730 116.356900
39.910740 116.356400
39.910810 116.356600
39.910920 116.356500
39.910940 116.356800
39.911010 116.357200
39.911050 116.356500
39.911050 116.356700
39.911230 116.357200
39.911250 116.356900
39.911400 116.356900
39.915560 116.358700
39.915680 116.358700
39.920450 116.358700
39.920610 116.358700
39.915680 116.358500
39.908730 116.357100
39.909540 116.356900
39.920520 116.358600
39.913790 116.352200
39.912900 116.352300
39.913690 116.351500
39.912980 116.351500
39.921130 116.350800
39.921190 116.350700
39.920890 116.350800
39.921040 116.350900
39.921130 116.350900
39.921230 116.350900
39.921310 116.350800
39.922180 116.366400
39.916040 116.358900
39.916040 116.359300
39.915130 116.359300
39.915130 116.358900
39.916210 116.359000
39.916210 116.359300
39.916530 116.359300
39.916520 116.360500
39.916830 116.360500
39.916830 116.359400
39.916780 116.359400
39.916780 116.359200
39.916690 116.359200
39.916690 116.359100
39.916630 116.359100
39.916610 116.359000
39.915570 116.359500
39.915560 116.360300
39.915580 116.360400
39.915670 116.360500
39.915810 116.360500
39.916420 116.360500
39.916410 116.360200
39.915900 116.360200
39.915900 116.360300
39.915710 116.360300
39.915700 116.360100
39.915760 116.360100
39.915750 116.359500
39.915150 116.359500
39.915150 116.360500
39.915330 116.360500
39.915330 116.359500
39.914140 116.358500
39.914130 116.359400
39.914770 116.359400
39.914760 116.358700
39.914580 116.358700
39.914580 116.359200
39.914320 116.359200
39.914320 116.358600
39.913900 116.358300
39.913900 116.359500
39.913030 116.359500
39.913030 116.359300
39.913780 116.359300
39.913780 116.358500
39.913400 116.358500
39.913400 116.359100
39.913290 116.359100
39.913300 116.358300
39.913130 116.358400
39.913140 116.359100
39.912960 116.359100
39.912950 116.358400
39.912920 116.359700
39.912920 116.360400
39.913060 116.360400
39.913060 116.359700
39.913270 116.359700
39.913260 116.360400
39.913410 116.360400
39.913420 116.359700
39.912230 116.362600
39.912230 116.363500
39.912450 116.363500
39.912450 116.362600
39.911330 116.363200
39.911330 116.363900
39.911490 116.363900
39.911500 116.363200
39.910080 116.361800
39.910070 116.362500
39.910290 116.362500
39.910310 116.361800
39.910100 116.361000
39.910080 116.361700
39.910280 116.361700
39.910300 116.361000
39.909440 116.361600
39.909420 116.362300
39.909530 116.362400
39.909550 116.361700
39.910560 116.359400
39.910560 116.359900
39.910510 116.359900
39.910500 116.360300
39.910450 116.360300
39.910440 116.360600
39.910010 116.360600
39.910010 116.360200
39.910070 116.360200
39.910070 116.359800
39.910110 116.359800
39.910110 116.359400
39.909580 116.359500
39.909580 116.360300
39.909700 116.360300
39.909710 116.359700
39.909910 116.359700
39.909920 116.359500
39.908700 116.361000
39.908700 116.361200
39.909270 116.361200
39.909270 116.361000
39.908630 116.361000
39.908630 116.361200
39.908160 116.361200
39.908160 116.361100
39.908060 116.361100
39.908060 116.361000
39.909120 116.361200
39.909120 116.361800
39.909240 116.361800
39.909250 116.361200
39.909170 116.361200
39.909170 116.361200
39.908850 116.361300
39.908850 116.361800
39.908720 116.361800
39.908720 116.361300
39.908370 116.361300
39.908370 116.361800
39.908500 116.361800
39.908500 116.361300
39.908010 116.361200
39.908010 116.361700
39.908050 116.361700
39.908050 116.361800
39.908190 116.361800
39.908190 116.361700
39.908140 116.361700
39.908140 116.361200
39.908740 116.361900
39.908730 116.362600
39.908860 116.362600
39.908870 116.361900
39.908390 116.361900
39.908370 116.362600
39.908490 116.362600
39.908520 116.361900
39.908250 116.361900
39.908240 116.362100
39.907980 116.362100
39.907970 116.362400
39.908260 116.362400
39.908250 116.362600
39.907860 116.362600
39.907870 116.361900
39.914220 116.351900
39.914170 116.352100
39.914150 116.352400
39.914170 116.352600
39.914260 116.352800
39.914460 116.352700
39.914500 116.352500
39.914500 116.352400
39.914480 116.352200
39.914430 116.352000
39.914380 116.351900
39.912950 116.355100
39.912950 116.355600
39.913360 116.355600
39.913350 116.355100
39.912840 116.354200
39.912850 116.354700
39.913220 116.354700
39.913210 116.354200
39.913930 116.354200
39.913930 116.354400
39.913450 116.354400
39.913450 116.354000
39.913790 116.354000
39.913390 116.356600
39.913390 116.357100
39.913210 116.357100
39.912990 116.356800
39.912990 116.356500
39.915190 116.360700
39.915200 116.362500
39.915380 116.362500
39.915370 116.360700
39.915560 116.360700
39.915540 116.361500
39.915690 116.361500
39.915710 116.360700
39.915560 116.361600
39.915570 116.362500
39.915740 116.362500
39.915740 116.361600
39.915960 116.361600
39.915960 116.362500
39.916120 116.362500
39.916120 116.361600
39.915960 116.360700
39.915950 116.361400
39.916110 116.361400
39.916130 116.360700
39.916350 116.361600
39.916360 116.362500
39.916530 116.362500
39.916530 116.361600
39.916560 116.360700
39.916560 116.361400
39.916720 116.361400
39.916710 116.362400
39.916910 116.362400
39.916910 116.361500
39.916880 116.361500
39.916880 116.360700
39.916900 116.362900
39.916900 116.363100
39.916220 116.363000
39.916210 116.362900
39.913650 116.360100
39.913640 116.361000
39.913760 116.361000
39.913780 116.360100
39.914040 116.360100
39.914020 116.361000
39.914140 116.361000
39.914160 116.360100
39.914040 116.359700
39.914040 116.360000
39.913940 116.360000
39.913950 116.359700
39.913950 116.359800
39.913710 116.359700
39.913710 116.359900
39.913940 116.359900
39.913860 116.361200
39.913860 116.361500
39.913990 116.361500
39.913980 116.361200
39.913690 116.361200
39.913690 116.361400
39.913860 116.361400
39.913860 116.361200
39.914900 116.359700
39.914900 116.360500
39.914410 116.360500
39.914410 116.359700
39.914760 116.359900
39.914760 116.360300
39.914530 116.360300
39.914530 116.359900
39.914910 116.360800
39.914920 116.361500
39.914410 116.361500
39.914400 116.360800
39.914790 116.361000
39.914800 116.361300
39.914540 116.361300
39.914540 116.361000
39.914930 116.361700
39.914930 116.362600
39.914070 116.362600
39.914070 116.361700
39.914470 116.361900
39.914460 116.362400
39.914210 116.362400
39.914210 116.361900
39.914830 116.361900
39.914820 116.362400
39.914570 116.362400
39.914580 116.361900
39.913410 116.360600
39.913420 116.361500
39.912920 116.361500
39.912920 116.360600
39.913280 116.360800
39.913290 116.361300
39.913060 116.361300
39.913060 116.360800
39.913710 116.361700
39.913710 116.362600
39.913840 116.362600
39.913840 116.361700
39.913490 116.361700
39.913490 116.362600
39.913000 116.362600
39.913000 116.361700
39.913120 116.361700
39.913120 116.362400
39.913350 116.362400
39.913350 116.361700
39.915190 116.363800
39.915200 116.363000
39.914710 116.363000
39.914690 116.363900
39.914840 116.363900
39.914850 116.363100
39.915040 116.363100
39.915030 116.363800
39.914520 116.363000
39.914530 116.363900
39.914000 116.363900
39.914000 116.363000
39.914400 116.363100
39.914400 116.363700
39.914130 116.363700
39.914130 116.363100
39.913750 116.363000
39.913720 116.363800
39.913560 116.363800
39.913570 116.363200
39.913200 116.363200
39.913260 116.363800
39.913120 116.363800
39.913020 116.362900
39.913750 116.364600
39.913750 116.364800
39.913250 116.364800
39.913160 116.363900
39.913550 116.363900
39.913550 116.364100
39.913350 116.364100
39.913410 116.364600
39.913660 116.363900
39.913620 116.364500
39.913740 116.364500
39.913780 116.363900
39.913340 116.365300
39.913380 116.366200
39.913740 116.366200
39.913710 116.365600
39.913740 116.365500
39.913720 116.365200
39.913720 116.366300
39.913800 116.367200
39.913720 116.367200
39.913630 116.367100
39.913570 116.367100
39.913520 116.367000
39.913490 116.366900
39.913460 116.366700
39.913430 116.366500
39.913430 116.366300
39.918810 116.358900
39.918810 116.359200
39.919550 116.359200
39.919550 116.358900
39.919390 116.359200
39.919390 116.359900
39.919520 116.359900
39.919510 116.359200
39.919050 116.359200
39.919050 116.359900
39.918930 116.359900
39.918930 116.359200
39.920490 116.358900
39.920500 116.359200
39.919770 116.359200
39.919760 116.358900
39.920330 116.359200
39.920350 116.360000
39.920490 116.360000
39.920470 116.359200
39.919990 116.359200
39.920010 116.359900
39.919900 116.359900
39.919870 116.359200
39.920480 116.360000
39.920470 116.360300
39.920150 116.360300
39.920150 116.360100
39.920370 116.360100
39.920370 116.360000
39.919600 116.360100
39.919590 116.360600
39.919270 116.360600
39.919270 116.360100
39.919120 116.360100
39.919120 116.360600
39.918920 116.360600
39.918930 116.360000
39.918770 116.360000
39.918770 116.360700
39.918940 116.360700
39.918940 116.360800
39.919740 116.360800
39.919740 116.360100
39.921240 116.356700
39.921280 116.358100
39.920300 116.358200
39.920260 116.356800
39.920970 116.357100
39.920990 116.357700
39.920480 116.357700
39.920460 116.357100
39.910660 116.366300
39.912250 116.366700
39.912230 116.366200
39.911170 116.366500
39.910860 116.367300
39.911650 116.366200
39.911680 116.367200
39.912230 116.366600
39.910670 116.366600
39.911480 116.366900
39.911680 116.366700
39.911660 116.366600
39.911490 116.367200
39.910850 116.366900
39.912250 116.367100
39.911160 116.366300
39.921540 116.366400
39.921540 116.366200
39.922020 116.366200
39.916520 116.360700
39.916500 116.361600
39.916650 116.361600
39.916650 116.362600
39.915180 116.362600
39.915140 116.360700
39.914950 116.359600
39.914980 116.362600
39.912900 116.362600
39.912840 116.361100
39.912870 116.358200
39.913970 116.358200
39.913950 116.359600
39.915690 116.357100
39.915710 116.357800
39.915830 116.357800
39.915820 116.357100
39.915580 116.357800
39.915590 116.358000
39.915090 116.358000
39.915090 116.357800
39.915210 116.357000
39.915180 116.357200
39.915170 116.357500
39.915240 116.357500
39.915250 116.357700
39.915220 116.357700
39.915220 116.357600
39.915090 116.357600
39.915060 116.357200
39.915080 116.357000
39.915070 116.357400
39.915500 116.357000
39.915510 116.357100
39.915280 116.357100
39.915280 116.357000
39.916750 116.356900
39.916760 116.358100
39.916670 116.358100
39.916540 116.357700
39.916600 116.356900
39.916210 116.357300
39.916120 116.357300
39.916140 116.358100
39.916220 116.358100
39.916380 116.357800
39.916400 116.357800
39.916410 116.357700
39.916400 116.357600
39.916370 116.357500
39.916870 116.355400
39.916880 116.356100
39.916660 116.356100
39.916650 116.356000
39.916510 116.356000
39.916500 116.355400
39.916640 116.355400
39.916650 116.355500
39.915960 116.356200
39.915960 116.356300
39.916060 116.356300
39.916060 116.356600
39.916630 116.356600
39.916620 116.356300
39.916550 116.356300
39.916550 116.356200
39.915700 116.356300
39.915700 116.356600
39.915810 116.356600
39.915810 116.356300
39.916320 116.355400
39.916320 116.355600
39.916060 116.355600
39.916060 116.355400
39.916010 116.355300
39.915950 116.355500
39.915820 116.355900
39.915870 116.355900
39.915760 116.356100
39.915700 116.356100
39.915500 116.356300
39.915550 116.356400
39.915440 116.356600
39.915380 116.356500
39.915310 116.356600
39.915190 116.356600
39.915300 116.356400
39.915440 116.356200
39.915560 116.356100
39.915670 116.355900
39.915770 116.355700
39.915850 116.355500
39.915880 116.355300
39.916890 116.354200
39.916670 116.354200
39.916690 116.354900
39.916910 116.354900
39.916340 116.354000
39.916360 116.354400
39.915870 116.354400
39.915870 116.354300
39.915840 116.354300
39.915840 116.354100
39.915770 116.354100
39.915770 116.354000
39.916340 116.354200
39.916360 116.354200
39.916310 116.354900
39.916300 116.355000
39.916040 116.355000
39.916050 116.354800
39.916170 116.354800
39.916160 116.354900
39.915980 116.354600
39.915890 116.354600
39.915910 116.354800
39.915910 116.355000
39.916010 116.355000
39.916010 116.354800
39.916060 116.354800
39.916050 116.354700
39.916000 116.354700
39.913840 116.352800
39.913860 116.353300
39.913750 116.353400
39.912890 116.353400
39.912880 116.353100
39.913050 116.353100
39.913050 116.352800
39.914610 116.353900
39.914610 116.354200
39.914350 116.354600
39.914140 116.354600
39.914140 116.354300
39.914190 116.354100
39.914280 116.354000
39.914350 116.354000
39.914820 116.354100
39.914150 116.356800
39.914090 116.356600
39.914090 116.356100
39.914160 116.355400
39.914310 116.354900
39.914520 116.354500
39.914690 116.354200
39.914750 116.354300
39.914960 116.354300
39.914620 116.355700
39.914410 116.355800
39.914390 116.355900
39.914520 116.355900
39.914350 116.356600
39.914220 116.356600
39.914000 116.355000
39.914020 116.356700
39.913670 116.356700
39.913660 116.355800
39.913820 116.355700
39.913820 116.355400
39.913660 116.355400
39.913650 116.355100
39.913820 116.355100
39.913820 116.355000
39.913830 116.356700
39.913830 116.356700
39.913910 116.357100
39.913820 116.357500
39.913830 116.357500
39.914070 116.357600
39.914120 116.357600
39.914140 116.357500
39.914150 116.357400
39.914100 116.357100
39.914010 116.357100
39.907660 116.361500
39.906890 116.361500
39.906900 116.360100
39.907670 116.360100
39.905930 116.352200
39.907280 116.365200
39.906610 116.365200
39.906610 116.365400
39.907280 116.365400
39.907270 116.364000
39.907250 116.365100
39.907120 116.365100
39.907130 116.364400
39.907070 116.364400
39.907080 116.364000
39.912810 116.365200
39.912350 116.365300
39.912380 116.366200
39.912580 116.366200
39.912550 116.365400
39.912760 116.365800
39.912920 116.365800
39.912950 116.365700
39.912910 116.365300
39.912980 116.366200
39.912370 116.366200
39.912420 116.367200
39.912790 116.367200
39.912900 116.367100
39.913020 116.366900
39.912620 116.363600
39.912210 116.363600
39.912210 116.363900
39.912630 116.363900
39.909450 116.353800
39.909460 116.354500
39.909680 116.354500
39.909680 116.353800
39.910100 116.353800
39.909880 116.353800
39.909880 116.354500
39.910090 116.354500
39.910550 116.353800
39.910330 116.353800
39.910330 116.354500
39.910550 116.354500
39.911360 116.355000
39.911060 116.355000
39.911070 116.355400
39.911360 116.355400
39.912160 116.355000
39.911860 116.355000
39.911860 116.355400
39.912150 116.355500
39.911740 116.355600
39.911500 116.355600
39.911510 116.356300
39.911740 116.356300
39.910870 116.355600
39.910880 116.356300
39.911080 116.356300
39.911070 116.355600
39.912080 116.356500
39.912080 116.356800
39.911700 116.356800
39.911700 116.356700
39.911100 116.356700
39.911100 116.356500
39.912360 116.355600
39.912110 116.355600
39.912120 116.356700
39.912370 116.356700
39.909080 116.350700
39.912350 116.367300
39.905930 116.352400
39.906120 116.353500
39.905920 116.357000
39.905920 116.357100
39.907790 116.362500
39.907800 116.361700
39.907840 116.362600
39.907960 116.361700
39.907970 116.361000
39.908040 116.360900
39.908040 116.361000
39.909290 116.362600
39.909310 116.360900
39.918700 116.366900
39.918610 116.365100
39.918570 116.364400
39.908840 116.356600
39.908970 116.354800
39.908970 116.355600
39.908970 116.356200
39.908970 116.356400
39.909000 116.355000
39.909040 116.354900
39.909020 116.356000
39.909030 116.356600
39.909110 116.355900
39.909120 116.356700
39.909230 116.355800
39.909250 116.356700
39.909360 116.355600
39.909390 116.354900
39.909630 116.355500
39.909650 116.355000
39.909790 116.355500
39.909800 116.355200
39.910170 116.355800
39.910200 116.356700
39.910260 116.355800
39.910340 116.355700
39.910340 116.356600
39.910360 116.355200
39.910380 116.356000
39.910420 116.356500
39.910440 116.356100
39.910460 116.356300
39.910520 116.355700
39.910550 116.355100
39.910650 116.355100
39.910640 116.356600
39.907400 116.354900
39.907400 116.355700
39.907520 116.355100
39.907520 116.355500
39.907820 116.355500
39.907820 116.355700
39.907830 116.354900
39.907830 116.355000
39.908120 116.355500
39.908120 116.355700
39.908120 116.356400
39.908120 116.356600
39.908450 116.355700
39.908450 116.356400
39.908630 116.355500
39.908630 116.356600
39.906480 116.359300
39.906480 116.357600
39.906780 116.358400
39.906790 116.358600
39.906840 116.358200
39.906880 116.358800
39.906970 116.358000
39.907020 116.359000
39.907140 116.357900
39.907180 116.359000
39.907320 116.357900
39.907340 116.359000
39.907460 116.358000
39.907490 116.358900
39.907570 116.358200
39.907590 116.358700
39.907630 116.358300
39.907640 116.358500
39.907800 116.359300
39.907800 116.357600
39.920480 116.361700
39.920290 116.361700
39.920250 116.361900
39.920260 116.362500
39.920730 116.362400
39.912790 116.365700
39.912720 116.365400
39.912730 116.365400
39.912680 116.365400
39.912640 116.365400
39.912640 116.365200
39.912770 116.365400
39.916190 116.362900
39.916210 116.362800
39.916190 116.363000
39.916220 116.363100
39.916280 116.363100
39.916280 116.363000
39.916300 116.363000
39.916300 116.363100
39.916360 116.363100
39.916360 116.363000
39.916400 116.363000
39.916400 116.363100
39.916460 116.363100
39.916460 116.363000
39.916490 116.363000
39.916490 116.363100
39.916550 116.363100
39.916550 116.363000
39.916580 116.363000
39.916570 116.363100
39.916630 116.363100
39.916630 116.363000
39.916660 116.363000
39.916660 116.363100
39.916720 116.363100
39.916720 116.363000
39.916750 116.363000
39.916750 116.363100
39.916820 116.363100
39.916820 116.363000
39.916830 116.363000
39.916830 116.363100
39.916900 116.363000
39.916920 116.363000
39.916920 116.362900
39.916900 116.362900
39.916840 116.362900
39.916840 116.362900
39.916810 116.362900
39.916810 116.362900
39.916730 116.362900
39.916730 116.362900
39.916710 116.362900
39.916710 116.362900
39.916650 116.362900
39.916650 116.362900
39.916620 116.362900
39.916620 116.362800
39.916570 116.362800
39.916570 116.362900
39.916540 116.362900
39.916540 116.362900
39.916480 116.362900
39.916480 116.362900
39.916450 116.362900
39.916450 116.362900
39.916400 116.362900
39.916400 116.362900
39.916380 116.362900
39.916380 116.362900
39.916290 116.362900
39.916290 116.362900
39.916270 116.362900
39.916270 116.362800
39.910170 116.352500
39.909980 116.352700
39.909970 116.353200
39.910310 116.353200
39.910300 116.352800
39.910430 116.352700
39.910430 116.352500
39.910090 116.351600
39.910080 116.351700
39.910040 116.351700
39.910000 116.351800
39.909960 116.352000
39.910020 116.352200
39.910100 116.352300
39.910160 116.352300
39.910180 116.352300
39.910270 116.352300
39.910280 116.352300
39.910500 116.352300
39.910510 116.352200
39.910570 116.352200
39.910550 116.351700
39.910410 116.351600
39.908980 116.351700
39.908980 116.352000
39.909200 116.352000
39.909220 116.352700
39.908990 116.352800
39.909000 116.353200
39.909730 116.353100
39.909710 116.352800
39.909490 116.352800
39.909480 116.352000
39.909720 116.352000
39.909700 116.351600
39.908180 116.351700
39.908180 116.352200
39.908270 116.352100
39.908270 116.352600
39.908200 116.352600
39.908210 116.353000
39.908690 116.353000
39.908680 116.352500
39.908610 116.352600
39.908600 116.352200
39.908670 116.352100
39.908650 116.351700
39.907330 116.352000
39.907080 116.352000
39.907080 116.351700
39.907660 116.351600
39.907600 116.351600
39.907570 116.351600
39.907340 116.351700
39.907330 116.352500
39.907370 116.352400
39.907370 116.352700
39.907650 116.352700
39.907650 116.352600
39.907590 116.352500
39.907590 116.352500
39.907760 116.352500
39.907750 116.351900
39.907690 116.351900
39.907690 116.351800
39.907720 116.351800
39.907720 116.351700
39.907670 116.351700
39.907040 116.351700
39.907090 116.351700
39.907080 116.352000
39.907040 116.352000
39.907040 116.352100
39.906970 116.352200
39.906920 116.352200
39.906920 116.352500
39.906520 116.352500
39.906520 116.352400
39.906410 116.352400
39.906410 116.352200
39.906510 116.352200
39.906520 116.352100
39.906520 116.352000
39.906490 116.352000
39.906490 116.351800
39.906520 116.351800
39.906520 116.351600
39.906590 116.351500
39.906680 116.351500
39.906680 116.351500
39.906910 116.351500
39.906910 116.351500
39.906980 116.351500
39.907050 116.351600
39.907060 116.352500
39.906490 116.352500
39.906480 116.352900
39.907060 116.352900
39.907070 116.352500
39.906410 116.354600
39.906470 116.353100
39.907060 116.353200
39.906980 116.353200
39.906980 116.353200
39.906950 116.353200
39.906920 116.353200
39.906910 116.353300
39.906930 116.353400
39.906970 116.353400
39.907010 116.353400
39.907040 116.353400
39.907060 116.353300
39.907060 116.353300
39.907060 116.353200
39.906650 116.354100
39.906650 116.354300
39.906670 116.354300
39.906700 116.354300
39.906690 116.354100
39.906640 116.353600
39.906640 116.353700
39.906690 116.353700
39.906690 116.353600
39.906800 116.353800
39.906830 116.353900
39.906830 116.354000
39.906800 116.354100
39.906730 116.354100
39.906660 116.354100
39.906580 116.354100
39.906530 116.354100
39.906490 116.354000
39.906500 116.353900
39.906530 116.353800
39.906590 116.353700
39.906670 116.353700
39.906740 116.353700
39.906610 116.353300
39.906580 116.353300
39.906610 116.353600
39.906660 116.353600
39.906730 116.353600
39.906810 116.353600
39.906860 116.353700
39.906890 116.353800
39.906900 116.353900
39.906890 116.354000
39.906850 116.354200
39.906780 116.354300
39.906690 116.354300
39.906610 116.354300
39.906600 116.354500
39.906630 116.354500
39.906640 116.354500
39.906690 116.354500
39.906720 116.354500
39.906730 116.354500
39.906790 116.354500
39.906790 116.354500
39.906830 116.354500
39.906920 116.354400
39.907000 116.354300
39.907040 116.354200
39.907070 116.354000
39.907050 116.354000
39.907050 116.353900
39.907060 116.353900
39.907060 116.353800
39.907020 116.353700
39.906950 116.353500
39.906890 116.353400
39.906780 116.353400
39.906790 116.353400
39.906720 116.353300
39.906720 116.353300
39.906610 116.353300
39.906490 116.354700
39.906480 116.354900
39.906800 116.354900
39.906800 116.354700
39.906590 116.355100
39.906570 116.356500
39.907160 116.356500
39.907160 116.356300
39.906770 116.356300
39.906780 116.355600
39.906780 116.355200
39.906860 116.355200
39.906860 116.355300
39.907050 116.355300
39.907030 116.356100
39.907120 116.356100
39.907170 116.355100
39.906090 116.356400
39.906070 116.356400
39.906090 116.356700
39.906090 116.356200
39.906110 116.357500
39.906110 116.357100
39.906120 116.357000
39.906140 116.356600
39.906120 116.355900
39.906080 116.355600
39.906150 116.353500
39.906160 116.353200
39.906160 116.353100
39.914660 116.354800
39.914490 116.355700
39.914830 116.354300
39.914210 116.354800
39.914010 116.351800
39.917350 116.355100
39.917080 116.355100
39.915610 116.351800
39.909130 116.351200
39.909110 116.351100
39.909090 116.351000
39.909000 116.350900
39.908940 116.350900
39.908500 116.367300
39.907780 116.367300
39.908600 116.367100
39.908600 116.367300
39.908280 116.366400
39.908210 116.366400
39.908140 116.366500
39.908060 116.366500
39.908060 116.366500
39.907730 116.366600
39.907750 116.367300
39.908680 116.367100
39.908840 116.350900
39.908710 116.350900
39.908660 116.350900
39.908680 116.367300
39.908870 116.367300
39.908010 116.365800
39.908030 116.365900
39.908380 116.365900
39.908370 116.365700
39.908400 116.365700
39.908410 116.365800
39.908680 116.365800
39.908670 116.365600
39.907640 116.365700
39.907660 116.366300
39.908010 116.366300
39.907980 116.365700
39.907600 116.365000
39.907670 116.365200
39.908060 116.365000
39.907990 116.364800
39.909310 116.365200
39.909300 116.365300
39.908940 116.365300
39.908930 116.365700
39.909470 116.365700
39.909470 116.365200
39.909640 116.365200
39.909640 116.365500
39.909780 116.365500
39.909860 116.365600
39.909860 116.365700
39.910060 116.365700
39.910060 116.365400
39.909940 116.365200
39.910030 116.363600
39.910020 116.364000
39.910140 116.364000
39.910150 116.363600
39.909380 116.363500
39.909360 116.364000
39.909570 116.364000
39.909590 116.363500
39.909710 116.363300
39.909700 116.363500
39.910100 116.363500
39.910110 116.363300
39.909480 116.362500
39.909440 116.363300
39.909640 116.363300
39.909660 116.362500
39.910110 116.362500
39.910090 116.363100
39.910290 116.363200
39.910310 116.362500
39.909150 116.361900
39.909140 116.362400
39.909000 116.362400
39.909000 116.362500
39.909250 116.362500
39.909260 116.361900
39.909710 116.361100
39.909660 116.362400
39.910020 116.362500
39.910070 116.361100
39.909430 116.360900
39.909410 116.361500
39.909620 116.361500
39.909650 116.360900
39.909430 116.360500
39.909430 116.360300
39.909300 116.360300
39.909300 116.360600
39.909910 116.360600
39.909910 116.360500
39.909030 116.360300
39.909030 116.360400
39.908940 116.360400
39.908940 116.360600
39.908990 116.360600
39.908990 116.360700
39.909110 116.360700
39.909110 116.360600
39.909180 116.360600
39.909180 116.360500
39.909140 116.360500
39.909140 116.360300
39.909010 116.357700
39.909510 116.359000
39.908370 116.360300
39.908370 116.360300
39.908270 116.360300
39.908270 116.360500
39.908310 116.360500
39.908310 116.360600
39.908410 116.360600
39.908410 116.360500
39.908510 116.360500
39.908520 116.360400
39.908480 116.360400
39.908480 116.360300
39.907790 116.360700
39.907800 116.361000
39.908020 116.361000
39.908010 116.360600
39.907870 116.360200
39.907800 116.360200
39.907790 116.360600
39.908010 116.360600
39.908030 116.360400
39.908060 116.360400
39.908040 116.360300
39.907970 116.360200
39.907870 116.360200
39.907450 116.360900
39.907440 116.361100
39.907370 116.361100
39.907370 116.361400
39.907610 116.361400
39.907630 116.360900
39.906930 116.360800
39.906930 116.361300
39.907050 116.361300
39.907060 116.360800
39.907260 116.361600
39.907260 116.361700
39.907410 116.361700
39.907460 116.361800
39.907470 116.362000
39.907580 116.362000
39.907590 116.361600
39.907530 116.360200
39.907530 116.360200
39.907310 116.360200
39.907300 116.360300
39.907560 116.360300
39.907550 116.360700
39.907680 116.360700
39.907690 116.360200
39.907240 116.360600
39.906890 116.360600
39.906890 116.360400
39.906910 116.360400
39.906910 116.360400
39.906940 116.360400
39.906950 116.360400
39.906980 116.360400
39.906980 116.360300
39.906990 116.360300
39.907230 116.360300
39.906400 116.360100
39.906400 116.360500
39.906340 116.360500
39.906340 116.360800
39.906390 116.360800
39.906390 116.361400
39.906850 116.361400
39.906850 116.361100
39.906550 116.361100
39.906550 116.360700
39.906820 116.360700
39.906830 116.360500
39.906560 116.360500
39.906560 116.360300
39.906850 116.360300
39.906860 116.360100
39.906070 116.365700
39.906160 116.361500
39.906780 116.361600
39.906780 116.361700
39.906390 116.361700
39.906390 116.362000
39.906750 116.362000
39.906750 116.362400
39.906700 116.362400
39.906690 116.363000
39.906750 116.363000
39.906740 116.363300
39.906410 116.363300
39.906410 116.363700
39.907050 116.363700
39.907060 116.363400
39.906930 116.363400
39.906930 116.362800
39.907330 116.362800
39.907330 116.362500
39.906940 116.362500
39.906940 116.362000
39.907030 116.362000
39.907030 116.361600
39.906060 116.366700
39.906040 116.366900
39.908620 116.350900
39.912630 116.365400
39.912630 116.365200
39.912450 116.365200
39.912110 116.365600
39.912110 116.365300
39.911920 116.365300
39.911920 116.365600
39.911790 116.365600
39.911780 116.365200
39.912230 116.365200
39.912230 116.365600
39.911190 116.365200
39.911180 116.365700
39.911270 116.365700
39.911260 116.365800
39.911610 116.365800
39.911610 116.365700
39.911330 116.365700
39.911330 116.365400
39.911560 116.365400
39.911570 116.365200
39.910440 116.365200
39.910430 116.365800
39.910590 116.365700
39.910600 116.365200
39.911030 116.364100
39.911040 116.364800
39.911130 116.364800
39.911120 116.364100
39.911220 116.366100
39.911230 116.366500
39.908540 116.351100
39.911300 116.366700
39.911480 116.366700
39.911480 116.366500
39.911470 116.366100
39.917830 116.362400
39.917440 116.362400
39.917460 116.361800
39.917620 116.361800
39.917610 116.362200
39.917840 116.362200
39.918510 116.362100
39.918510 116.362200
39.918120 116.362200
39.918130 116.361900
39.918010 116.361900
39.918020 116.362400
39.918090 116.362400
39.918520 116.362400
39.918520 116.362500
39.918630 116.362500
39.918620 116.362100
39.920360 116.360400
39.920360 116.360900
39.920480 116.360900
39.920490 116.360400
39.920050 116.360400
39.920050 116.361000
39.920170 116.361000
39.920180 116.360400
39.920220 116.362500
39.920210 116.361800
39.920090 116.361800
39.920100 116.362600
39.920220 116.362600
39.920220 116.362700
39.920630 116.362700
39.920630 116.362500
39.920510 116.362300
39.920500 116.361700
39.920090 116.361700
39.920090 116.361500
39.920510 116.361500
39.920510 116.361600
39.920630 116.361600
39.920630 116.362300
39.921090 116.361700
39.921100 116.362600
39.921220 116.362600
39.921220 116.362400
39.921320 116.362400
39.921330 116.361700
39.920900 116.361200
39.920890 116.361300
39.920780 116.361300
39.920790 116.362600
39.921030 116.362600
39.921040 116.362400
39.920930 116.362400
39.920940 116.361300
39.921260 116.361300
39.921260 116.361200
39.920840 116.360100
39.920840 116.360800
39.920970 116.360800
39.920980 116.360100
39.921170 116.359800
39.921180 116.360800
39.921300 116.360800
39.921290 116.359800
39.920800 116.359100
39.920820 116.359700
39.920960 116.359700
39.920940 116.359100
39.921130 116.359200
39.921140 116.359700
39.921280 116.359700
39.921270 116.359200
39.921180 116.358800
39.921180 116.358700
39.920810 116.358800
39.920820 116.358900
39.921180 116.358900
39.921180 116.359100
39.921280 116.359100
39.921270 116.358800
39.921480 116.359000
39.921480 116.359200
39.921600 116.359200
39.921600 116.360000
39.921740 116.360000
39.921740 116.359200
39.921720 116.359200
39.921720 116.359000
39.921910 116.355100
39.921930 116.355500
39.922080 116.355500
39.922060 116.355100
39.920760 116.354800
39.920780 116.356300
39.921200 116.356300
39.921190 116.356100
39.920940 116.356100
39.920930 116.355400
39.921190 116.355400
39.921190 116.355200
39.920940 116.355200
39.920940 116.354800
39.921150 116.354200
39.921150 116.354400
39.920910 116.354400
39.920910 116.354500
39.920750 116.354500
39.920740 116.353900
39.920770 116.353900
39.921140 116.354000
39.921180 116.354100
39.921180 116.354200
39.920600 116.352900
39.920600 116.353400
39.920950 116.353400
39.920950 116.352900
39.920080 116.352400
39.920090 116.353100
39.920420 116.353100
39.920410 116.352400
39.919070 116.353300
39.919300 116.353000
39.919340 116.352900
39.919470 116.352400
39.919380 116.352400
39.919280 116.352500
39.919280 116.352600
39.919200 116.352600
39.919170 116.352600
39.919150 116.352700
39.919100 116.352800
39.919060 116.352800
39.919020 116.352800
39.918900 116.352800
39.918860 116.353000
39.918880 116.353100
39.918890 116.353200
39.918900 116.353300
39.919230 116.353300
39.919260 116.353200
39.919220 116.353000
39.919450 116.352800
39.919530 116.352900
39.919630 116.352900
39.919660 116.352800
39.919650 116.352500
39.918660 116.351400
39.918690 116.351900
39.919720 116.351900
39.919700 116.351400
39.918060 116.351300
39.917860 116.351500
39.917760 116.351400
39.917680 116.351400
39.917560 116.351300
39.917390 116.351600
39.917370 116.351800
39.917470 116.351900
39.917630 116.351900
39.917780 116.351600
39.917870 116.351600
39.918010 116.351900
39.918150 116.351800
39.918240 116.351700
39.918240 116.351500
39.917330 116.352500
39.917330 116.353100
39.917600 116.353100
39.917600 116.352500
39.918020 116.352700
39.918020 116.352900
39.918290 116.352900
39.918300 116.352800
39.917800 116.352400
39.917780 116.353200
39.918240 116.353200
39.918250 116.352900
39.918340 116.353000
39.918350 116.352400
39.918870 116.356800
39.918870 116.356900
39.918790 116.356900
39.918780 116.357300
39.919130 116.357300
39.919140 116.356800
39.919180 116.357200
39.919160 116.357300
39.919230 116.357300
39.919220 116.357400
39.919270 116.357400
39.919270 116.357400
39.919310 116.357400
39.919320 116.357500
39.919420 116.357500
39.919430 116.357200
39.919860 116.357000
39.919280 116.357000
39.919280 116.356800
39.919170 116.356800
39.919170 116.356800
39.919860 116.356700
39.919480 116.357400
39.919430 116.357500
39.919430 116.357700
39.919480 116.357800
39.919660 116.357800
39.919710 116.357700
39.919710 116.357500
39.919680 116.357400
39.919940 116.356900
39.919930 116.357800
39.920040 116.357800
39.920040 116.356900
39.919040 116.357800
39.918990 116.357800
39.919000 116.358100
39.919040 116.358100
39.919240 116.358100
39.919280 116.358100
39.919280 116.357800
39.919240 116.357800
39.918480 116.357400
39.918480 116.357300
39.917980 116.357300
39.917980 116.357600
39.918050 116.357600
39.918050 116.358000
39.917970 116.358000
39.917970 116.358200
39.918760 116.358200
39.918760 116.358000
39.918680 116.358000
39.918690 116.357600
39.918630 116.357600
39.918620 116.357400
39.918510 116.356900
39.918510 116.357000
39.918220 116.357000
39.918220 116.356900
39.918080 116.356900
39.918070 116.357200
39.918230 116.357200
39.918220 116.357200
39.918520 116.357200
39.918520 116.357200
39.918670 116.357200
39.918680 116.356900
39.918710 116.355600
39.918710 116.356400
39.918930 116.356400
39.918920 116.356300
39.919390 116.356300
39.919390 116.356400
39.919570 116.356400
39.919570 116.355600
39.917470 116.354000
39.917540 116.354000
39.917430 116.354100
39.917410 116.354400
39.917410 116.354900
39.917810 116.354900
39.917810 116.354700
39.917660 116.354700
39.917660 116.354200
39.918400 116.354200
39.918400 116.354000
39.917400 116.356100
39.917390 116.356500
39.917840 116.356500
39.917840 116.356100
39.915620 116.352400
39.917000 116.352400
39.916210 116.353100
39.916050 116.352900
39.916050 116.352600
39.915880 116.352600
39.915880 116.353000
39.915920 116.353000
39.915890 116.353000
39.916130 116.353300
39.916150 116.353300
39.916170 116.353300
39.916430 116.353300
39.916430 116.353100
39.916760 116.352600
39.916760 116.352500
39.916590 116.352500
39.916590 116.352800
39.916690 116.352800
39.916690 116.353300
39.916760 116.353300
39.916850 116.353200
39.916840 116.352600
39.916310 116.351600
39.916310 116.351400
39.915930 116.351400
39.915760 116.351600
39.915760 116.351700
39.915820 116.351700
39.915830 116.351800
39.916220 116.351800
39.916410 116.351700
39.916410 116.351600
39.916650 116.351500
39.916650 116.351500
39.916570 116.351600
39.916570 116.352100
39.916640 116.352300
39.916660 116.352300
39.916660 116.352300
39.916750 116.352300
39.916760 116.352200
39.916850 116.352200
39.916850 116.351700
39.916760 116.351500
39.911440 116.351700
39.911440 116.352200
39.911310 116.352300
39.910970 116.352300
39.910850 116.352200
39.910850 116.351900
39.910880 116.351800
39.910860 116.351800
39.910850 116.351600
39.910960 116.351500
39.911330 116.351500
39.911430 116.351700
39.912150 116.351900
39.912050 116.351700
39.912150 116.351600
39.911970 116.351600
39.911970 116.351700
39.911850 116.351700
39.911850 116.351600
39.911680 116.351600
39.911680 116.351800
39.911740 116.351800
39.911730 116.352000
39.911670 116.352000
39.911680 116.352100
39.911830 116.352300
39.911950 116.352300
39.911960 116.352300
39.912090 116.352300
39.912090 116.352300
39.912250 116.352300
39.912250 116.352100
39.912190 116.352100
39.912180 116.352000
39.912250 116.352000
39.912240 116.351800
39.911810 116.354000
39.911810 116.354000
39.910930 116.354000
39.910870 116.354000
39.910880 116.354600
39.911110 116.354600
39.911110 116.354300
39.911510 116.354300
39.911510 116.354600
39.912180 116.354600
39.912190 116.354000
39.911780 116.360400
39.911760 116.360100
39.911860 116.359600
39.911140 116.359400
39.911140 116.359200
39.910850 116.359200
39.910850 116.359000
39.911120 116.359000
39.911110 116.359100
39.911400 116.359100
39.911390 116.359400
39.911610 116.359500
39.911480 116.359500
39.911480 116.359600
39.911410 116.359600
39.911410 116.360000
39.911340 116.360000
39.911340 116.359900
39.911020 116.359900
39.911020 116.359200
39.910830 116.359200
39.910840 116.360200
39.911540 116.360200
39.911600 116.360100
39.911610 116.360100
39.911590 116.359100
39.911600 116.359300
39.911530 116.359300
39.911530 116.359500
39.911660 116.359500
39.911660 116.359400
39.911740 116.359400
39.911730 116.359100
39.911380 116.358900
39.911390 116.357600
39.911060 116.357600
39.911070 116.358100
39.911020 116.358100
39.911010 116.358800
39.910850 116.358800
39.910870 116.358000
39.910930 116.358100
39.910920 116.357600
39.910960 116.357500
39.911370 116.357400
39.911480 116.357500
39.911530 116.357600
39.911530 116.358900
39.911740 116.358000
39.912400 116.358000
39.912400 116.357800
39.912360 116.357700
39.912250 116.357600
39.912150 116.357600
39.911750 116.357600
39.911860 116.358200
39.911860 116.358900
39.912020 116.358900
39.912020 116.358200
39.911880 116.359100
39.911890 116.359400
39.912120 116.359400
39.912120 116.359100
39.912290 116.358400
39.912290 116.359200
39.912170 116.359200
39.912170 116.359400
39.912400 116.359300
39.912450 116.359200
39.912440 116.358400
39.911890 116.359800
39.911890 116.360300
39.912240 116.360300
39.912230 116.359700
39.912270 116.359800
39.912280 116.360400
39.911850 116.360500
39.911860 116.360800
39.912530 116.360800
39.912520 116.359800
39.911760 116.359800
39.911660 116.363100
39.911670 116.363900
39.911850 116.363900
39.911840 116.363100
39.911850 116.361000
39.911840 116.361400
39.911950 116.361500
39.911960 116.361000
39.912170 116.361000
39.912160 116.361500
39.912270 116.361500
39.912280 116.361000
39.912450 116.360900
39.912450 116.361500
39.912560 116.361500
39.912560 116.361000
39.911980 116.361700
39.911980 116.362200
39.912390 116.362200
39.912390 116.362300
39.912550 116.362300
39.912550 116.361700
39.911340 116.361600
39.911340 116.361700
39.911450 116.361700
39.911450 116.361600
39.911480 116.360600
39.911480 116.360800
39.911380 116.360800
39.911390 116.361300
39.911560 116.361300
39.911560 116.361500
39.910680 116.361500
39.910680 116.360800
39.910920 116.360800
39.910920 116.361200
39.911170 116.361200
39.911160 116.361300
39.911230 116.361300
39.911240 116.360600
39.911460 116.360600
39.911370 116.362400
39.911370 116.363000
39.911450 116.363000
39.911460 116.362400
39.911500 116.360600
39.911490 116.360900
39.911740 116.360900
39.911740 116.360600
39.910850 116.361700
39.910860 116.362500
39.911180 116.362500
39.911180 116.361700
39.910620 116.361600
39.910610 116.362600
39.910820 116.362600
39.910830 116.362300
39.910780 116.362300
39.910790 116.362200
39.910730 116.362200
39.910740 116.361900
39.910780 116.361900
39.910790 116.361600
39.911350 116.361700
39.911350 116.362300
39.911500 116.362300
39.911510 116.362000
39.911460 116.362000
39.911460 116.361700
39.907530 116.362600
39.907520 116.362800
39.907600 116.362800
39.907600 116.362600
39.907160 116.362900
39.907160 116.363200
39.907380 116.363200
39.907390 116.363000
39.907330 116.363500
39.907320 116.363800
39.907410 116.363800
39.907420 116.363500
39.907470 116.362100
39.907470 116.362500
39.907580 116.362500
39.907590 116.362100
39.906260 116.364000
39.906370 116.364100
39.906370 116.364600
39.906250 116.364600
39.906350 116.364800
39.906250 116.364800
39.906600 116.364300
39.906600 116.365000
39.906970 116.365000
39.906970 116.364300
39.908940 116.364200
39.908930 116.364500
39.908800 116.364500
39.908800 116.364800
39.909010 116.364800
39.909010 116.364700
39.909060 116.364700
39.909060 116.364600
39.909020 116.364600
39.909020 116.364500
39.909150 116.364500
39.909150 116.364400
39.909200 116.364400
39.909200 116.364300
39.909160 116.364300
39.909160 116.364200
39.908660 116.364300
39.908660 116.364200
39.908450 116.364200
39.908450 116.364500
39.908660 116.364500
39.908660 116.364400
39.908710 116.364400
39.908710 116.364300
39.908450 116.364700
39.908450 116.364600
39.908240 116.364600
39.908240 116.364900
39.908450 116.364900
39.908450 116.364800
39.908500 116.364800
39.908510 116.364700
39.907620 116.364500
39.907620 116.364700
39.907810 116.364700
39.907810 116.364600
39.907860 116.364600
39.907870 116.364500
39.907810 116.364500
39.907810 116.364500
39.907960 116.364200
39.907960 116.364400
39.908140 116.364400
39.908140 116.364200
39.907630 116.363900
39.907630 116.364100
39.907810 116.364100
39.907810 116.364000
39.907850 116.364000
39.907850 116.363900
39.907810 116.363900
39.907810 116.363900
39.907870 116.362800
39.907880 116.363000
39.907800 116.363000
39.907810 116.363100
39.907850 116.363100
39.907840 116.363500
39.907800 116.363500
39.907800 116.363600
39.908000 116.363600
39.908000 116.363100
39.908200 116.363100
39.908210 116.362800
39.908610 116.363500
39.908520 116.363500
39.908520 116.363500
39.908420 116.363500
39.908420 116.363600
39.908380 116.363600
39.908390 116.363600
39.908400 116.363700
39.908470 116.363700
39.908470 116.363800
39.908390 116.363800
39.908390 116.363900
39.908430 116.363800
39.908430 116.363900
39.908520 116.363900
39.908520 116.364000
39.908600 116.364000
39.908610 116.363800
39.908560 116.363800
39.908560 116.363700
39.908610 116.363700
39.908610 116.363500
39.908520 116.363000
39.908520 116.363200
39.908680 116.363200
39.908680 116.363000
39.908370 116.362800
39.908370 116.363300
39.908810 116.363300
39.908810 116.362800
39.909070 116.362800
39.909080 116.362800
39.908980 116.362800
39.908990 116.362900
39.908950 116.362900
39.908970 116.363000
39.909020 116.363000
39.909030 116.363100
39.908970 116.363100
39.908950 116.363200
39.908990 116.363200
39.908980 116.363200
39.909080 116.363200
39.909080 116.363300
39.909020 116.363300
39.909020 116.363300
39.908930 116.363300
39.908930 116.363400
39.908900 116.363400
39.908910 116.363500
39.908980 116.363500
39.908980 116.363500
39.908910 116.363500
39.908900 116.363600
39.908940 116.363600
39.908930 116.363700
39.909030 116.363700
39.909030 116.363800
39.908940 116.363800
39.908940 116.363900
39.908910 116.363900
39.908910 116.363900
39.908980 116.364000
39.908970 116.364000
39.909050 116.364000
39.909050 116.364000
39.909110 116.364000
39.909110 116.363600
39.909060 116.363600
39.909060 116.363500
39.909110 116.363500
39.909110 116.363300
39.909170 116.363300
39.909160 116.363100
39.909120 116.363100
39.909120 116.363000
39.909170 116.363000
39.909170 116.362800
39.910900 116.363100
39.910570 116.363100
39.910580 116.363300
39.910530 116.363400
39.910530 116.363600
39.910590 116.363600
39.910610 116.363900
39.910940 116.363900
39.910930 116.363700
39.910760 116.363700
39.910750 116.363600
39.910920 116.363600
39.910920 116.363400
39.910750 116.363400
39.910740 116.363300
39.910930 116.363300
39.910920 116.363100
39.910300 116.364000
39.910310 116.364400
39.910290 116.364400
39.910290 116.364700
39.910310 116.364700
39.910310 116.365000
39.910900 116.365000
39.910890 116.364900
39.910380 116.365000
39.910380 116.364700
39.910420 116.364700
39.910420 116.364400
39.910390 116.364400
39.910380 116.364100
39.910880 116.364100
39.910880 116.364000
39.910860 116.364400
39.910860 116.364600
39.910990 116.364600
39.910990 116.364400
39.911520 116.364300
39.911520 116.364600
39.911670 116.364600
39.911670 116.364300
39.911180 116.364800
39.911180 116.365000
39.911330 116.365000
39.911330 116.364800
39.911400 116.364100
39.911410 116.364800
39.911490 116.364800
39.911490 116.364100
39.911400 116.364900
39.911410 116.365000
39.911820 116.365000
39.911820 116.364900
39.911740 116.364100
39.911740 116.364800
39.911830 116.364800
39.911830 116.364100
39.911930 116.364100
39.911940 116.364200
39.912150 116.364200
39.912150 116.364000
39.911960 116.364700
39.911960 116.364900
39.912170 116.364900
39.912170 116.364700
39.912190 116.364300
39.912200 116.364700
39.912360 116.364700
39.912350 116.364300
39.912510 116.364100
39.912510 116.364600
39.912480 116.364600
39.912480 116.364900
39.912570 116.364900
39.912570 116.364600
39.912600 116.364600
39.912600 116.364100
39.912670 116.364100
39.912670 116.364900
39.912760 116.364900
39.912760 116.364100
39.921190 116.367200
39.921520 116.367100
39.920180 116.367000
39.920180 116.367100
39.920440 116.367100
39.920440 116.367000
39.921520 116.366700
39.921530 116.363000
39.921540 116.363600
39.921850 116.363600
39.921850 116.363500
39.921880 116.363500
39.921880 116.363200
39.921850 116.363200
39.921850 116.363000
39.920850 116.364900
39.920860 116.365200
39.921010 116.365200
39.921010 116.365300
39.921210 116.365300
39.921210 116.365400
39.921340 116.365400
39.921360 116.365300
39.921320 116.365200
39.921320 116.364900
39.921320 116.364500
39.921300 116.364500
39.921280 116.364500
39.920820 116.364500
39.920820 116.364800
39.921230 116.364700
39.921220 116.364800
39.921350 116.364800
39.921350 116.364500
39.920590 116.365600
39.920610 116.365900
39.920710 116.365900
39.920690 116.365500
39.920460 116.364300
39.920460 116.363900
39.920080 116.363900
39.920080 116.364200
39.920150 116.364200
39.920150 116.364500
39.920170 116.364500
39.920180 116.365100
39.920320 116.365100
39.920300 116.364400
39.920440 116.364400
39.920450 116.365100
39.920530 116.365100
39.920520 116.364900
39.920600 116.364900
39.920590 116.364500
39.920630 116.364500
39.920620 116.364200
39.920220 116.365600
39.920230 116.366000
39.920320 116.366000
39.920310 116.365600
39.920000 116.365900
39.920020 116.366300
39.920130 116.366300
39.920100 116.365800
39.919740 116.365900
39.919770 116.366400
39.919870 116.366400
39.919840 116.365900
39.918050 116.364200
39.918070 116.364700
39.918190 116.364700
39.918160 116.364200
39.918090 116.365200
39.918090 116.365400
39.918330 116.365400
39.918320 116.365200
39.919010 116.365200
39.919050 116.365700
39.919140 116.365700
39.919100 116.365100
39.918740 116.365200
39.918740 116.365300
39.918780 116.365300
39.918800 116.365600
39.918760 116.365600
39.918770 116.365800
39.919040 116.365700
39.919030 116.365600
39.918920 116.365600
39.918900 116.365300
39.919020 116.365300
39.919010 116.365200
39.919320 116.366900
39.919320 116.367000
39.918910 116.367000
39.918920 116.367100
39.919400 116.367100
39.919390 116.366900
39.914000 116.366300
39.914010 116.366600
39.914500 116.366600
39.914490 116.366300
39.913900 116.367000
39.916880 116.366700
39.916850 116.366800
39.916740 116.366800
39.916710 116.366700
39.916650 116.366800
39.916700 116.366900
39.916660 116.366900
39.916700 116.367000
39.916740 116.366900
39.916860 116.366900
39.916870 116.367000
39.916940 116.366900
39.916910 116.366800
39.916940 116.366800
39.916560 116.366100
39.916860 116.365600
39.916850 116.366400
39.916590 116.366400
39.916600 116.366500
39.916910 116.366500
39.916920 116.366400
39.916950 116.366400
39.916960 116.365600
39.915470 116.363800
39.915470 116.364100
39.915540 116.364100
39.915540 116.363900
39.915690 116.363900
39.915670 116.364300
39.915710 116.364300
39.915700 116.364500
39.915890 116.364500
39.915900 116.364300
39.915800 116.364300
39.915820 116.363800
39.915510 116.362900
39.915470 116.363000
39.915480 116.363800
39.915630 116.363800
39.915640 116.363100
39.915750 116.363100
39.915750 116.362900
39.915990 116.363100
39.915960 116.363800
39.916040 116.363800
39.916070 116.363100
39.916370 116.363900
39.916370 116.364700
39.916460 116.364700
39.916460 116.363900
39.916380 116.363300
39.916390 116.363700
39.916530 116.363700
39.916540 116.363300
39.916820 116.363300
39.916820 116.363800
39.916910 116.363800
39.916900 116.363300
39.908560 116.351400
39.921490 116.351200
39.921490 116.351500
39.921720 116.351500
39.921730 116.351200
39.921230 116.351500
39.921230 116.351700
39.921260 116.351700
39.921260 116.351900
39.921910 116.351900
39.921900 116.351000
39.921250 116.351100
39.921250 116.351300
39.921310 116.351300
39.921310 116.351200
39.921340 116.351200
39.921340 116.351100
39.921740 116.351100
39.921740 116.351600
39.921350 116.351700
39.921340 116.351500
39.921010 116.351100
39.921000 116.351100
39.920880 116.351100
39.919900 116.350800
39.920120 116.350700
39.920940 116.351300
39.921140 116.351200
39.921130 116.351100
39.918410 116.352200
39.917150 116.352300
39.921170 116.352400
39.921170 116.352800
39.921450 116.352800
39.921450 116.352400
39.921460 116.353200
39.921460 116.353500
39.921850 116.353500
39.921850 116.353200
39.909040 116.351300
39.911830 116.357200
39.907680 116.357300
39.912100 116.350700
39.913280 116.350600
39.907680 116.357000
39.910580 116.357000
39.910590 116.357300
39.920020 116.362700
39.918740 116.360800
39.919570 116.362600
39.919530 116.362500
39.920090 116.365300
39.920060 116.362700
39.920090 116.365100
39.919040 116.362500
39.919110 116.362500
39.919030 116.362500
39.918690 116.362500
39.919500 116.362600
39.920790 116.365400
39.919530 116.362700
39.919960 116.360800
39.918750 116.362500
39.920060 116.364600
39.919090 116.361200
39.921680 116.358500
39.916480 116.358400
39.915100 116.358300
39.913140 116.357600
39.911690 116.357100
39.908090 116.357100
39.908130 116.359800
39.916220 116.358400
39.916180 116.359500
39.916480 116.360100
39.916560 116.361500
39.916570 116.362700
39.915020 116.363900
39.914790 116.365300
39.914080 116.366100
39.914000 116.367100
39.908770 116.357100
39.910790 116.357000
39.915670 116.358100
39.917300 116.358200
39.921670 116.358200
39.921740 116.359300
39.921630 116.367100
39.921620 116.366700
39.907370 116.350700
39.909460 116.359300
39.920500 116.361000
39.920010 116.361000
39.920010 116.361100
39.920310 116.361100
39.920310 116.361400
39.920510 116.361400
39.920500 116.361300
39.920380 116.361300
39.920380 116.361100
39.920500 116.361100
39.917950 116.351300
39.917480 116.364900
39.917360 116.364900
39.917360 116.365400
39.917760 116.365400
39.917760 116.365300
39.917480 116.365300
39.917910 116.365200
39.917690 116.365200
39.917690 116.364800
39.917910 116.364800
39.917850 116.364100
39.917850 116.364700
39.917410 116.364700
39.917410 116.364200
39.917460 116.364200
39.917460 116.364100
39.917740 116.364100
39.917740 116.364100
39.917880 116.363500
39.917360 116.363500
39.917360 116.364000
39.917500 116.364000
39.917500 116.364000
39.917740 116.364000
39.917740 116.364000
39.917890 116.364000
39.917950 116.364000
39.917250 116.364000
39.917960 116.364700
39.917260 116.364700
39.917930 116.362500
39.917230 116.362400
39.916930 116.362800
39.917190 116.362800
39.917190 116.363200
39.916940 116.363200
39.917210 116.363200
39.917210 116.363500
39.917120 116.363500
39.917120 116.363200
39.917210 116.363600
39.917220 116.363900
39.917050 116.363900
39.917050 116.363600
39.917550 116.362800
39.917430 116.362800
39.917430 116.363000
39.917390 116.363000
39.917400 116.363400
39.917510 116.363400
39.917510 116.363000
39.917550 116.363000
39.917410 116.362700
39.917420 116.363000
39.917370 116.363000
39.917370 116.363400
39.917300 116.363400
39.917300 116.362700
39.917240 116.363400
39.917940 116.363400
39.917860 116.363100
39.917750 116.363100
39.917750 116.363400
39.917860 116.363400
39.917550 116.362500
39.917310 116.362500
39.917310 116.362700
39.917360 116.362700
39.917360 116.362600
39.917430 116.362600
39.917430 116.362700
39.917550 116.362700
39.917740 116.363600
39.917520 116.363600
39.917520 116.363800
39.917550 116.363800
39.917540 116.363800
39.917670 116.363800
39.917670 116.363800
39.917740 116.363800
39.908230 116.354200
39.909220 116.353700
39.908950 116.353700
39.908960 116.354000
39.909220 116.354000
39.911740 116.351000
39.911340 116.351000
39.911340 116.351300
39.911740 116.351200
39.905920 116.353100
39.906100 116.360000
39.906370 116.366000
39.907280 116.366300
39.906370 116.366100
39.907360 116.366200
39.907280 116.366400
39.907380 116.366400
39.906410 116.366100
39.907440 116.367300
39.906490 116.367100
39.907160 116.367100
39.906410 116.366100
39.907310 116.367300
39.906370 116.365900
39.906370 116.366900
39.906990 116.365900
39.907340 116.365800
39.906890 116.365800
39.907080 116.365800
39.906890 116.365900
39.906120 116.366300
39.906620 116.367200
39.906240 116.366700
39.906550 116.367200
39.906240 116.366300
39.906120 116.366600
39.906740 116.367200
39.906120 116.366100
39.906240 116.366500
39.906240 116.366100
39.906120 116.367100
39.907110 116.367200
39.906800 116.367200
39.906240 116.366300
39.906240 116.366600
39.906120 116.366800
39.906120 116.366700
39.906120 116.366300
39.906920 116.367200
39.906370 116.367200
39.906980 116.367200
39.906120 116.366500
39.906240 116.366800
39.906240 116.367100
39.910940 116.350600
39.907670 116.350800
39.921450 116.356700
39.906090 116.351100
39.906090 116.351000
39.906090 116.351200
39.906090 116.350800
39.921470 116.356900
39.917140 116.354500
39.917150 116.357500
39.915830 116.355000
39.915880 116.355100
39.915860 116.355200
39.915800 116.355300
39.915690 116.355300
39.915640 116.355100
39.908080 116.353300
39.908230 116.353400
39.909260 116.353400
39.915660 116.355000
39.917960 116.366600
39.917740 116.366600
39.917750 116.367000
39.917980 116.366900
39.915730 116.355000
39.906350 116.357300
39.906070 116.357300
39.906050 116.359600
39.906330 116.359600
39.908580 116.353600
39.908130 116.354200
39.908590 116.354200
39.908130 116.353600
39.907450 116.353600
39.907450 116.354200
39.908130 116.354100
39.915560 116.367100
39.914300 116.367100
39.910180 116.364600
39.909350 116.364600
39.909350 116.364800
39.910180 116.364800
39.910180 116.364500
39.910090 116.364500
39.910090 116.364600
39.910180 116.364600
39.908680 116.366200
39.908800 116.366200
39.908190 116.366200
39.907870 116.366500
39.907600 116.366500
39.908180 116.366100
39.907850 116.366400
39.907620 116.366400
39.908680 116.366100
39.907590 116.365600
39.908670 116.365100
39.908790 116.366100
39.908750 116.365100
39.910150 116.365900
39.908790 116.366000
39.910330 116.367300
39.910290 116.365200
39.908790 116.365900
39.910150 116.365800
39.910300 116.365900
39.910310 116.366200
39.910160 116.365100
39.908910 116.365100
39.906080 116.365500
39.906070 116.365800
39.906110 116.359700
39.906050 116.367300
39.907420 116.365600
39.906170 116.365800
39.907400 116.365400
39.907580 116.365300
39.906090 116.363900
39.906090 116.363800
39.907390 116.364000
39.907400 116.363800
39.908130 116.353600
39.908140 116.354100
39.911490 116.366100
39.912280 116.365900
39.911560 116.366100
39.911490 116.365900
39.912280 116.366100
39.912310 116.367200
39.910300 116.365800
39.910160 116.365200
39.910120 116.365100
39.910290 116.365000
39.910300 116.363900
39.910490 116.363100
39.910540 116.360800
39.908730 116.364800
39.909140 116.364800
39.907700 116.360000
39.907640 116.362700
39.907820 116.360000
39.907770 116.362500
39.906110 116.360000
39.906220 116.359700
39.908010 116.359800
39.908000 116.360000
39.907810 116.362600
39.907820 116.362800
39.907780 116.362800
39.907530 116.363800
39.907550 116.365200
39.909270 116.362800
39.909170 116.364800
39.908090 116.360500
39.908150 116.360700
39.908230 116.360800
39.908320 116.360900
39.909320 116.360900
39.909290 116.362700
39.908210 116.360000
39.908250 116.360500
39.908300 116.360600
39.908370 116.360700
39.909230 116.360700
39.908190 116.359800
39.909260 116.364800
39.909290 116.364800
39.910290 116.364800
39.910160 116.364800
39.910190 116.364800
39.910190 116.364700
39.910210 116.363900
39.910380 116.363000
39.910410 116.360800
39.910510 116.363000
39.910230 116.363800
39.909410 116.360900
39.909870 116.360700
39.910000 116.360700
39.910450 116.360700
39.910640 116.360500
39.911130 116.365100
39.910800 116.365100
39.910640 116.365200
39.910630 116.365900
39.911150 116.365900
39.910810 116.366700
39.910610 116.366700
39.910620 116.367300
39.910740 116.367300
39.910740 116.366800
39.910810 116.366800
39.910500 116.366500
39.910370 116.366500
39.910370 116.366800
39.910570 116.366800
39.910560 116.366700
39.910500 116.366700
39.910580 116.366800
39.910350 116.366900
39.910350 116.367100
39.910440 116.367100
39.910450 116.367300
39.910580 116.367300
39.907270 116.365700
39.911520 116.366100
39.913590 116.367300
39.913150 116.367300
39.913150 116.367200
39.913110 116.366800
39.913640 116.367300
39.913770 116.367300
39.915610 116.367200
39.913890 116.367300
39.913570 116.367100
39.908790 116.366000
39.908720 116.366100
39.908680 116.366200
39.911500 116.367300
39.910580 116.361600
39.910570 116.362600
39.911280 116.362600
39.911280 116.362300
39.912570 116.359700
39.911960 116.359700
39.911870 116.359700
39.911840 116.359800
39.911820 116.360900
39.912570 116.360900
39.912570 116.361600
39.911820 116.361600
39.910570 116.360700
39.911810 116.359600
39.911780 116.359700
39.911760 116.360200
39.912640 116.361700
39.912660 116.362400
39.912230 116.362400
39.912230 116.362400
39.911520 116.362300
39.911530 116.361800
39.911610 116.361800
39.911610 116.361500
39.910570 116.360900
39.910590 116.360800
39.910620 116.360800
39.910660 116.360700
39.910700 116.360700
39.911750 116.360400
39.911740 116.361500
39.911780 116.361700
39.911320 116.361500
39.911320 116.361600
39.911770 116.359100
39.911770 116.359400
39.911770 116.359500
39.911730 116.359600
39.911700 116.359700
39.911690 116.359800
39.911680 116.359900
39.911670 116.360100
39.911640 116.360200
39.911610 116.360300
39.911560 116.360300
39.910750 116.360500
39.910740 116.359000
39.911220 116.359000
39.911220 116.359100
39.907580 116.363700
39.908110 116.363800
39.908100 116.364200
39.908340 116.364200
39.908350 116.362800
39.907830 116.362800
39.907800 116.362800
39.907780 116.362900
39.907580 116.363700
39.920200 116.356500
39.920120 116.355800
39.920120 116.353700
39.920690 116.353700
39.921300 116.354000
39.921320 116.356500
39.920840 116.353800
39.920060 116.353800
39.920180 116.353700
39.920600 116.355500
39.914930 116.364900
39.914890 116.365100
39.914790 116.365300
39.914730 116.365400
39.914660 116.364100
39.914650 116.364600
39.914570 116.364600
39.914560 116.364800
39.914470 116.364900
39.914460 116.365000
39.913900 116.364900
39.913950 116.364000
39.914300 116.364000
39.907370 116.365700
39.906230 116.365800
39.906140 116.365900
39.906140 116.367000
39.907320 116.364000
39.906170 116.364000
39.906160 116.365400
39.907360 116.365300
39.907360 116.365100
39.907310 116.365100
39.907610 116.361600
39.906260 116.361600
39.906240 116.363700
39.907360 116.363700
39.907580 116.362700
39.908640 116.365200
39.908000 116.365500
39.908040 116.366200
39.908170 116.366000
39.908650 116.366000
39.908870 116.362800
39.908370 116.364100
39.909150 116.364100
39.909210 116.362800
39.908850 116.363400
39.908370 116.363400
39.907580 116.363800
39.908070 116.363800
39.908060 116.364200
39.908620 116.364200
39.908610 116.364800
39.908560 116.364800
39.907610 116.365300
39.909150 116.364100
39.908670 116.364100
39.908660 116.364800
39.909130 116.364800
39.910020 116.365100
39.909530 116.365100
39.909530 116.365800
39.910110 116.365700
39.910110 116.365300
39.909490 116.365100
39.908820 116.365100
39.908840 116.365800
39.909480 116.365800
39.910930 116.364000
39.910310 116.364000
39.910330 116.365000
39.910940 116.365000
39.908680 116.365800
39.908710 116.365100
39.909210 116.364800
39.909200 116.364400
39.910150 116.365900
39.910230 116.365800
39.910300 116.366000
39.910240 116.365200
39.910240 116.364800
39.910130 116.365000
39.910290 116.365100
39.910280 116.364400
39.911490 116.366000
39.911290 116.366500
39.912580 116.366000
39.912370 116.366000
39.909280 116.362700
39.907810 116.362700
39.907400 116.363900
39.907490 116.365400
39.907580 116.365500
39.907410 116.365500
39.907490 116.365600
39.906040 116.367200
39.906050 116.366800
39.906090 116.363900
39.906110 116.359900
39.906220 116.360000
39.906100 116.361500
39.907780 116.360600
39.907790 116.360200
39.908050 116.360000
39.908000 116.359900
39.908040 116.359800
39.908230 116.360200
39.909260 116.360700
39.909340 116.360900
39.907740 116.360000
39.914900 116.358300
39.920030 116.363800
39.910450 116.360800
39.909960 116.360700
39.908070 116.355800
39.908070 116.356800
39.907330 116.356800
39.907330 116.355800
39.910190 116.355900
39.910190 116.356600
39.910140 116.356700
39.909270 116.356700
39.909210 116.356700
39.909200 116.355900
39.909260 116.355900
39.910120 116.355800
39.910600 116.357300
39.908170 116.357300
39.908200 116.359600
39.908790 116.359600
39.908780 116.360200
39.909440 116.360100
39.910590 116.359300
39.913770 116.351600
39.907930 116.356900
39.907930 116.357400
39.908150 116.357300
39.908140 116.356900
39.907930 116.357000
39.908140 116.357000
39.907930 116.357100
39.908140 116.357100
39.908020 116.357400
39.908850 116.355000
39.910460 116.356800
39.910570 116.354900
39.908980 116.356800
39.921810 116.358600
39.921610 116.358400
39.914390 116.352800
39.914210 116.352700
39.914930 116.352700
39.914880 116.352900
39.914860 116.353100
39.914880 116.353300
39.914920 116.353500
39.914960 116.353600
39.915090 116.353600
39.915160 116.353400
39.915200 116.353200
39.915210 116.353100
39.915190 116.352900
39.915140 116.352800
39.915090 116.352600
39.914870 116.353200
39.913910 116.351200
39.913910 116.351400
39.914090 116.351400
39.914090 116.351200
39.914070 116.351200
39.914070 116.351400
39.913920 116.351400
39.913920 116.351200
39.913920 116.351300
39.914070 116.351300
39.914010 116.351400
39.914380 116.351300
39.915750 116.353800
39.915700 116.353900
39.915590 116.353900
39.915540 116.353800
39.915530 116.353600
39.915580 116.353500
39.915690 116.353500
39.915750 116.353500
39.915720 116.353500
39.915720 116.353900
39.915560 116.353900
39.915550 116.353500
39.915620 116.353500
39.915560 116.353700
39.915720 116.353700
39.915630 116.353900
39.915050 116.356600
39.915080 116.356700
39.915020 116.356800
39.914970 116.356900
39.914870 116.356900
39.914880 116.356800
39.914910 116.356700
39.914930 116.356700
39.914960 116.356600
39.915460 116.355900
39.915590 116.355700
39.912980 116.351600
39.912890 116.351600
39.913690 116.351600