2111 3 1203 36 56.08110198633213
1203 36 660 50 10.000499987405876
660 50 16 13 27.00074073062409
16 13 9 25 40.00049999692425
9 25 308 32 22.99999999991087
308 32 5 32 1.0000000000331966
5 32 282 17 139.10862661958916
282 17 17 52 10.012492197153431
17 52 4 52 1.019803902749624
4 52 2002 52 17.001176429879383
2002 52 106 97 15.005332385593348
106 97 2006 22 29.000172413248627
2006 22 104 78 27.0001851845939
104 78 155 53 13.999999999896318
155 53 783 99 14.000357138340517
783 99 302 99 2.0024984395144254
302 99 122 99 0.999999999891088
122 99 15 3 65.00930702602041
15 3 2 3 0.9000000000014552
2 3 23 85 92.84524758969445
23 85 263 85 2.879236009793217
263 85 262 85 4.76340214552822
262 85 15 3 94.40704422869506
15 3 225 3 1.299999999986312
225 3 928 54 18.626862323008243
928 54 16 13 22.00000000001978
16 13 30 27 186.52710258834267
30 27 293 31 49.01020301943403
293 31 33 27 47.402637057505764
33 27 32 27 6.013318551263306
32 27 40 2 44.050085130437346
40 2 41 35 14.00035713834001
41 35 40 2 14.00035713834001
40 2 29 35 23.003477997813462
29 35 619 15 6.576473218990584
619 15 59 70 119.02625760727437
59 70 62 70 7.002856559952603
62 70 58 23 8.002499609620259
58 23 95 23 4.999999999881766
95 23 91 23 7.0064256223325625
91 23 92 23 3.001666203916922
92 23 727 23 0.29999999995311555
727 23 93 23 1.4866068748022312
93 23 94 89 7.017834423753511
94 89 90 64 42.95160066860612
90 64 60 70 6.013318551263306
60 70 61 70 4.019950248444643
61 70 149 67 5.008991914572556
149 67 137 67 4.123105625616668
137 67 769 67 7.017834423758573
769 67 741 67 1.0000000000331966
741 67 739 67 2.0223748416849125
739 67 736 67 1.004987562006876
736 67 733 34 6.003332407978241
733 34 49 34 2.000000000066393
49 34 49 34 0.0
49 34 87 34 3.7202150475061337
87 34 88 34 3.001666203916922
88 34 89 89 6.0207972894544
89 89 776 89 0.10000000003174137
776 89 777 89 1.9999999999242846
777 89 50 43 4.004996878890468
50 43 902 43 5.015974481616372
902 43 710 39 11.022250224060123
710 39 699 39 1.0049875619998057
699 39 906 39 4.001249804738209
906 39 100 39 0.0
100 39 51 87 7.0064256223295205
51 87 71 87 4.0112342240188275
71 87 52 2 8.02246844803234
52 2 6 28 18.697860840173416
6 28 76 58 10.000499987406588
76 58 705 58 4.000000000132786
705 58 53 94 10.000499987405876
53 94 56 19 31.007902218662604
56 19 89 89 16.430459518782385
89 89 195 99 79.28057769712665
195 99 301 99 1.9999999999242846
301 99 784 99 0.0
784 99 326 78 20.999999999986585
326 78 13 78 7.000714249365567
13 78 323 78 1.9999999999242846
323 78 180 76 13.00000000000523
180 76 324 22 20.00024999839107
324 22 158 22 2.000000000066393
158 22 103 97 20.000999974955274
103 97 1861 97 10.000000000047748
1861 97 325 52 9.0022219479559
325 52 12 52 13.001538370521118
12 52 18 52 1.0000000000331966
18 52 281 17 7.002856559952603
281 17 58 23 123.5736217806575
58 23 62 70 8.002499609620259
62 70 765 70 0.3000000000241698
765 70 766 70 5.197114584038407
766 70 63 70 2.7999999999650527
63 70 61 70 7.170076708132607
61 70 64 11 52.84278569494766
64 11 65 83 3.9999999999906777
65 83 900 83 3.0000000000285354
900 83 2083 83 0.0
2083 83 2095 83 0.5000000000165983
2095 83 2082 83 0.19999999999242846
2082 83 901 83 1.0000000000331966
901 83 2085 83 0.5000000000165983
2085 83 2081 83 0.3999999999848569
2081 83 2079 83 0.7999999999697138
2079 83 2076 83 2.6000000000436785
2076 83 2075 83 0.29999999995311555
2075 83 2068 11 7.0064256221875425
2068 11 2069 11 0.6000000000483396
2069 11 2070 11 1.3999999999469992
2070 11 2067 11 1.0000000000331966
2067 11 2066 11 1.200000000025625
2066 11 2065 11 0.0
2065 11 2090 11 0.5000000000165983
2090 11 2072 11 0.499999999945544
2072 11 2071 11 0.0
2071 11 2064 11 0.9000000000014552
2064 11 2063 11 0.999999999891088
2063 11 64 11 2.9000000000678483
64 11 66 11 9.689685237414057
66 11 717 89 3.448187929973401
717 89 782 89 3.299999999981651
782 89 903 89 5.295280917971769
903 89 50 43 2.599999999972624
50 43 729 89 19.13138782206873
729 89 94 89 2.999999999957481
94 89 67 34 6.403124237445668
67 34 49 34 5.2952809179449325
49 34 159 6 63.031738037352305
159 6 362 6 0.0
362 6 85 6 6.000833275528591
85 6 68 64 26.500000000027057
68 64 307 64 2.3999999999801958
307 64 742 64 3.700000000037562
742 64 1080 64 6.299999999939132
1080 64 90 64 4.707440918421106
90 64 69 70 12.141251994755638
69 70 70 70 2.236067977446914
70 70 59 70 1.1661903789858392
59 70 71 87 83.23755162186941
71 87 72 87 4.707440918351674
72 87 131 87 2.0024984395179737
131 87 73 87 5.984145720181393
73 87 74 87 0.09999999996068709
74 87 708 87 1.9999999999242846
708 87 75 87 3.0000000000995897
75 87 76 58 5.787054518530257
76 58 53 94 14.00035713834001
53 94 344 94 6.500000000002615
344 94 725 94 0.3999999999848569
725 94 77 47 12.165525060626493
77 47 81 94 16.330646037415498
81 94 82 58 14.000357138197906
82 58 83 58 1.8999999999635975
83 58 84 94 13.999999999896318
84 94 81 94 1.8000000000029104
81 94 79 38 25.899999999978718
79 38 1860 5 10.999999999938836
1860 5 86 27 20.002249873405493
86 27 95 23 104.406130088257
95 23 46 23 4.599999999967963
46 23 1909 23 0.3000000000241698
1909 23 1910 23 1.0049875621482793
1910 23 1911 23 1.0000000000331966
1911 23 47 23 2.0024984393760428
47 23 48 34 7.0455659816177265
48 34 67 34 2.009975124155155
67 34 771 34 0.29999999995311555
771 34 1990 34 5.0009999000430785
1990 34 782 89 13.003461077734285
782 89 140 2 36.16973873286908
140 2 145 91 6.040695324273314
145 91 164 39 9.019977827036755
164 39 100 39 5.393514624048263
100 39 906 39 0.0
906 39 133 39 4.100000000022419
133 39 101 87 5.799999999993588
101 87 102 94 6.082762530266521
102 94 104 78 64.9150213741729
104 78 230 78 1.200000000025625
230 78 105 78 4.294182110679964
105 78 103 97 58.016894091226675
103 97 106 97 1.1999999999545707
106 97 107 31 78.11843572425796
107 31 108 31 5.2497618993886075
108 31 109 31 2.039607805373834
109 31 110 17 21.00095235934461
110 17 111 17 1.004987562141209
111 17 112 17 2.507987240828018
112 17 113 52 15.99999999996271
113 52 114 68 57.85810228479733
114 68 115 68 5.099999999984561
115 68 116 68 5.035871324835132
116 68 117 68 2.999999999957481
117 68 118 68 1.077032961452099
118 68 119 68 5.400000000008731
119 68 120 35 22.032702966268005
120 35 114 68 6.699999999995043
114 68 45 44 26.215453457880248
45 44 44 28 30.000000000001137
44 28 19 28 5.04876222457063
19 28 42 28 7.615773105920797
42 28 43 28 4.079215610859147
43 28 119 68 25.00019999931922
119 68 358 62 31.128122333283613
358 62 28 68 30.013496963867286
28 68 114 68 3.9999999999906777
114 68 27 2 25.00179993518222
27 2 26 2 5.015974481616372
26 2 36 2 7.158910531622733
36 2 37 2 8.075270893269664
37 2 38 63 10.000499987547979
38 63 39 35 5.000999899900998
39 35 29 35 8.002499609478196
29 35 120 35 2.000000000066393
120 35 627 15 9.0022219479559
627 15 618 15 8.000624975569599
618 15 34 28 49.56823579673526
34 28 35 10 5.015974481616372
35 10 168 5 25.40649523250294
168 5 174 69 10.000000000047748
174 69 121 27 9.004998611895163
121 27 4 52 19.432961688889485
4 52 12 52 1.4000000000180535
12 52 1082 52 2.2360679775104666
1082 52 336 27 8.956003573009584
336 27 86 27 0.9000000000014552
86 27 1081 27 5.2952809179449325
1081 27 121 27 0.8000000000407681
121 27 8 27 7.0880180586440025
8 27 7 28 8.149233092788066
7 28 124 28 5.852349955305197
124 28 6 28 2.97321374950887
6 28 52 2 18.697860840173416
52 2 140 2 5.161395160244935
140 2 687 2 5.292447448977502
687 2 692 91 4.651881339797398
692 91 16 13 162.60688792303736
16 13 182 79 14.099999999999113
182 79 142 64 81.40399253106943
142 64 148 64 2.900000000013945
148 64 61 70 5.885575587800041
61 70 180 76 61.62921385185995
180 76 223 76 1.200000000025625
223 76 177 76 7.368174807892548
177 76 161 46 6.797793759802822
161 46 154 46 4.999999999881766
154 46 117 68 91.74753402688282
117 68 172 68 10.00449898800382
172 68 153 68 2.1999999999877673
153 68 150 35 7.000714249222457
150 35 130 35 4.099999999991225
130 35 126 2 4.044749683229289
126 2 57 2 7.18052922849683
57 2 167 96 83.02409288877388
167 96 171 96 3.6000000000058208
171 96 7 28 90.64568384650751
7 28 144 59 9.002221947813826
144 59 127 58 5.000000000023874
127 58 124 28 7.0064256221875425
124 28 19 28 1.1180339887870097
19 28 155 53 101.88468972321816
155 53 232 53 1.299999999986312
232 53 902 43 76.9252234315344
902 43 147 43 2.800000000036107
147 43 96 43 2.0099751242894883
96 43 97 43 2.561249694920564
97 43 98 43 3.440930106827203
98 43 54 43 1.8867962264378038
54 43 99 92 7.70000000002824
99 92 1088 92 2.3999999999801958
1088 92 721 92 4.026164427876775
721 92 55 77 12.69999999998106
55 77 87 34 44.894988584508425
87 34 141 34 5.295280917971769
141 34 169 56 12.100000000003774
169 56 149 67 26.854422354621992
149 67 128 67 2.599999999994487
128 67 170 0 6.100000000055033
170 0 734 0 5.000000000023874
734 0 165 0 6.0207972894544
165 0 730 34 2.236067977446914
730 34 146 34 0.0
146 34 141 34 4.0112342240188275
141 34 125 12 42.53527947480403
125 12 320 12 1.0049875621482793
320 12 157 76 12.00166655091391
157 76 138 46 3.200000000020964
138 46 139 46 1.4866068747496552
139 46 176 46 5.000000000023874
176 46 294 46 9.000000000014552
294 46 160 46 1.019803902749624
160 46 152 77 13.000384609700134
152 77 55 77 5.003998401302273
55 77 77 47 15.00133327400876
77 47 135 76 34.21125545774838
135 76 143 76 3.0149626864377677
143 76 154 46 5.200000000016303
154 46 295 46 1.2206555616057424
295 46 294 46 5.60000000000116
294 46 179 19 13.337541002709546
179 19 156 92 8.00062497556871
156 92 1089 92 3.929376540884455
1089 92 158 22 38.01105102465827
158 22 224 22 1.0999999999938836
224 22 152 77 19.99999999995339
152 77 131 87 39.59153950024534
131 87 133 39 10.000000000047748
133 39 20 27 49.14519305081964
20 27 31 27 12.026637102673133
31 27 183 33 159.4717843380532
183 33 1728 95 19.0000000000623
1728 95 182 79 21.000238093874763
182 79 189 6 81.28000984253998
189 6 185 6 2.0024984395144254
185 6 188 9 53.63664791913693
188 9 193 9 3.440930106827203
193 9 191 30 31.852158482599886
191 30 192 32 6.514598989960801
192 32 1 32 1.0000000000331966
1 32 186 30 10.348429832578464
186 30 187 93 39.59911615173415
187 93 190 82 41.0001219509782
190 82 357 82 1.1999999999545707
357 82 185 6 71.324890466029
185 6 192 32 25.179555198627273
192 32 196 99 32.71528694663133
196 99 201 6 6.4776538962570065
201 6 198 6 3.257299495048023
198 6 200 6 3.700000000037562
200 6 199 6 1.0000000000331966
199 6 277 82 82.11266650160464
277 82 226 82 9.000000000014552
226 82 17 52 196.02145290769514
17 52 231 97 33.0024241534866
231 97 608 78 52.999999999912006
608 78 230 78 3.0000000000995897
230 78 232 53 14.000357138197906
232 53 789 99 15.000000000071623
789 99 250 99 1.0000000000331966
250 99 233 99 0.999999999891088
233 99 228 82 78.03101947305854
228 82 226 82 2.3323807578498217
226 82 22 99 72.00444430739476
22 99 195 99 4.001249804739985
195 99 229 74 52.018842739936325
229 74 122 99 52.000384613983115
122 99 21 99 4.0112342240188275
21 99 2 3 61.00204914594545
2 3 218 99 65.05197921664842
218 99 195 99 1.1999999999545707
195 99 280 65 94.01920016676924
280 65 220 21 81.0555365166277
220 21 215 21 1.3999999999469992
215 21 213 21 1.7204650534425112
213 21 214 21 5.000000000023874
214 21 205 30 9.254188241017946
205 30 206 30 2.0024984393760428
206 30 207 6 2.000000000066393
207 6 233 99 16.2015431363187
233 99 211 21 15.788920165757757
211 21 202 30 11.900000000011346
202 30 203 30 5.000000000023874
203 30 210 21 9.399999999999409
210 21 209 21 1.0000000000331966
209 21 212 21 2.500000000011937
212 21 211 21 3.9999999999906777
211 21 14 40 12.001666551028764
14 40 221 40 1.200000000025625
221 40 2116 40 9.055385138139851
2116 40 2117 40 3.0999999999892225
2117 40 2118 55 8.199999999973784
2118 55 9 25 19.8999999999927
9 25 183 33 14.400000000023283
183 33 10 33 2.7000000000043656
10 33 11 33 10.447966309322814
11 33 2 3 79.73713062306777
2 3 606 3 6.000833275528591
606 3 235 82 1.9999999999242846
235 82 603 82 3.0016662040589517
603 82 279 82 9.000555538424742
279 82 280 65 9.002221947813826
280 65 1995 24 12.001666551056
1995 24 278 82 21.053503271412406
278 82 228 82 7.000714249365567
228 82 234 3 7.999999999981355
234 3 15 3 5.000000000023874
15 3 15 3 0.0
15 3 237 93 28.000178570793754
237 93 14 40 12.00166655091391
14 40 787 99 18.001111076849483
787 99 22 99 3.0016662040613187
22 99 21 99 1.8000000000029104
21 99 788 99 3.0000000000995897
788 99 2010 21 10.004498987861776
2010 21 3 21 3.0016662040613187
3 21 261 85 72.42237223402167
261 85 249 85 2.6000000000436785
249 85 193 9 7.07106781181885
193 9 1 32 25.419677417336896
1 32 216 21 33.005454094793954
216 21 215 21 2.000000000066393
215 21 217 99 6.003332407836211
217 99 206 30 10.7466273779154
206 30 204 30 2.3000000000195087
204 30 245 9 47.76243293637307
245 9 242 85 1.4000000000180535
242 85 239 85 3.4999999999740794
239 85 269 85 0.9999999999621423
269 85 246 85 5.65685424952944
246 85 243 85 1.3000000000573664
243 85 243 85 0.0
243 85 257 85 1.4999999999787406
257 85 244 9 6.579513659892228
244 9 245 9 2.000000000066393
245 9 246 85 4.001249804739985
246 85 260 85 1.004987562141209
260 85 247 9 7.280109889366032
247 9 244 9 2.1999999999877673
244 9 241 9 1.4999999999787406
241 9 791 99 66.80748461058964
791 99 21 99 0.5999999999772854
21 99 22 99 1.8000000000029104
22 99 36 2 121.49074038787256
36 2 26 2 7.158910531622733
26 2 57 2 7.8924014089085
57 2 339 28 5.7454329689345816
339 28 42 28 2.5079872407713553
42 28 19 28 7.615773105920797
19 28 34 28 6.800735254347954
34 28 32 27 7.707788269037501
32 27 20 27 7.071067811869093
20 27 1083 27 0.7999999999697138
1083 27 340 27 3.8327535793922825
340 27 30 27 1.9999999999953388
30 27 337 27 0.5999999999772854
337 27 113 52 6.774215821775977
113 52 1084 52 2.10000000002708
1084 52 18 52 2.2360679775104666
18 52 17 52 1.600000000010482
17 52 252 32 130.3581604657479
252 32 251 9 3.736308338468374
251 9 123 85 21.648094604385893
123 85 194 85 1.8867962264378038
194 85 188 9 9.000000000014552
188 9 132 32 17.927911200136283
132 32 1079 32 2.599999999972624
1079 32 186 30 18.027756377350848
186 30 1 32 10.348429832578464
1 32 189 6 25.21983346492476
189 6 186 30 15.033628969705491
186 30 363 6 5.60000000000116
363 6 159 6 3.299999999981651
159 6 785 99 10.248902380284525
785 99 218 99 1.299999999986312
218 99 219 99 4.001249804738209
219 99 786 99 1.3999999999469992
786 99 207 6 10.499999999993292
207 6 191 30 12.73930924348357
191 30 22 99 25.81937257178634
22 99 219 99 1.200000000025625
219 99 195 99 4.148493702527698
195 99 122 99 1.600000000010482
122 99 122 99 0.0
122 99 790 99 0.8000000000407681
790 99 233 99 0.29999999995311555
233 99 3 21 20.00899797600551
3 21 2000 93 8.030566605147754
2000 93 238 93 7.000714249222457
238 93 229 74 17.00029411509851
229 74 2 3 13.00000000000523
2 3 257 85 95.39187596434196
257 85 240 85 1.4999999999787406
240 85 260 85 4.51220566905489
260 85 258 85 1.299999999986312
258 85 194 85 5.295280917971769
194 85 258 85 5.295280917971769
258 85 256 85 4.31740662894292
256 85 254 85 1.0000000000331966
254 85 253 85 1.0770329613201546
253 85 255 85 1.0999999999938836
255 85 259 85 5.393514624048263
259 85 359 32 20.92390976851958
359 32 1079 32 2.599999999972624
1079 32 362 6 26.918580943294675
362 6 296 6 1.9000000000346517
296 6 297 6 3.929376540884455
297 6 300 99 5.9999999999860165
300 99 301 99 0.9999999999621423
301 99 302 99 1.8867962264378038
302 99 250 99 1.0999999999938836
250 99 266 9 66.76743218066265
266 9 267 9 0.8000000000407681
267 9 23 85 3.6000000000058208
23 85 264 85 2.416609194721515
264 85 269 85 3.047950130830303
269 85 242 85 2.500000000011937
242 85 284 84 116.1077086157653
284 84 274 84 1.0049875621482793
274 84 272 37 12.141251994755638
272 37 328 37 1.004987562141209
328 37 283 37 0.999999999891088
283 37 273 37 1.0049875621482793
273 37 272 37 3.006659275631653
272 37 330 37 1.8999999999635975
330 37 225 3 86.00145347610241
225 3 2111 3 1.0000000000331966
2111 3 2112 74 10.000499987405876
2112 74 612 93 22.00022727157328
612 93 221 40 6.999999999948159
221 40 220 21 12.000416659547525
220 21 219 99 9.000000000014552
219 99 218 99 4.001249804738209
218 99 300 99 2.009975124148085
300 99 613 78 25.000199999177397
613 78 222 78 3.0000000000995897
222 78 322 78 1.9999999999242846
322 78 609 78 2.0024984395179737
609 78 223 76 11.000454536002627
223 76 224 22 22.00000000001978
224 22 321 97 17.001176429879383
321 97 103 97 3.1953090616920656
103 97 226 82 163.00248464365063
226 82 605 82 1.0000000000331966
605 82 225 3 10.000499987548688
225 3 611 93 35.174564673945426
611 93 607 93 5.000000000023874
607 93 279 82 50.009999000295814
279 82 278 82 1.0999999999938836
278 82 277 82 1.299999999986312
277 82 276 82 0.6000000000483396
276 82 286 84 61.82564192946222
286 84 290 84 2.7999999999650527
290 84 894 84 1.0000000000331966
894 84 291 84 0.10000000003174137
291 84 287 84 2.9732137494610735
287 84 288 84 1.0049875619998057
288 84 286 84 1.0000000000331966
286 84 653 37 18.607794065965695
653 37 283 37 1.600000000010482
283 37 284 84 12.066896867047765
284 84 1942 84 2.3000000000195087
1942 84 285 84 2.500000000011937
285 84 288 84 1.019803902749624
288 84 292 31 288.36124913026424
292 31 160 46 115.49670990983581
160 46 179 19 13.099999999965917
179 19 1087 19 4.800000000031446
1087 19 726 19 0.9999999999621423
726 19 56 19 0.8000000000407681
56 19 299 78 47.84610746972953
299 78 105 78 2.000000000066393
105 78 298 78 5.000000000023874
298 78 106 97 53.063735262328926
106 97 231 97 1.200000000025625
231 97 192 32 94.52116165171424
192 32 252 32 14.400000000023283
252 32 248 85 19.925109786392042
248 85 270 85 1.1999999999545707
270 85 191 30 41.80777439659213
191 30 310 32 2.1999999999877673
310 32 5 32 13.337541002709546
5 32 251 9 8.700000000061436
251 9 304 9 11.899999999940292
304 9 268 9 2.10000000002708
268 9 23 85 2.899999999996794
23 85 306 9 10.846197490385448
306 9 181 9 9.000000000014552
181 9 1079 32 21.56293115509476
1079 32 68 64 5.024937810585852
68 64 747 64 2.999999999957481
747 64 167 96 11.999999999972033
167 96 310 32 27.39415996154865
310 32 309 32 2.9732137493941586
309 32 308 32 10.54751155484749
308 32 306 9 14.80000000000814
306 9 305 9 4.414748010950804
305 9 304 9 1.4999999999787406
304 9 13 78 69.6822071981083
13 78 222 78 0.9999999999621423
222 78 125 12 11.081967334402758
125 12 318 29 10.7466273779154
318 29 317 29 2.3999999999801958
317 29 314 29 4.20000000005416
314 29 312 56 2.9732137494419546
312 56 1085 56 7.66550715867704
1085 56 151 56 0.5999999999772854
151 56 311 56 1.0000000000331966
311 56 1086 56 0.5999999999772854
1086 56 313 56 7.764663547153946
313 56 315 56 2.9732137493941586
315 56 316 29 4.100000000022419
316 29 319 29 2.500000000011937
319 29 320 12 10.7466273779154
320 12 322 78 10.846197490385448
322 78 323 78 0.9999999999621423
323 78 327 17 97.01489576343678
327 17 328 37 255.61574677617767
328 37 329 37 2.10000000002708
329 37 333 27 242.46104841809904
333 27 334 27 1.0000000000331966
334 27 331 28 37.85247680145435
331 28 332 28 1.0000000000331966
332 28 338 27 38.99243516377673
338 27 337 27 2.000000000066393
337 27 336 27 1.004987562141209
336 27 335 27 1.0049875619998057
335 27 303 62 70.56124998892865
303 62 342 62 9.000555538424742
342 62 341 62 2.3999999999801958
341 62 343 62 0.10000000003174137
343 62 303 62 9.314504817764972
303 62 346 6 161.88418699807718
346 6 345 53 7.0028565600966814
345 53 348 53 1.0000000000331966
348 53 347 53 4.999999999881766
347 53 353 53 6.100000000017758
353 53 354 53 3.9999999999906777
354 53 349 53 5.000000000023874
349 53 350 6 8.000624975569599
350 6 346 6 1.9999999999953388
346 6 357 82 80.78019559267833
357 82 227 3 1.9999999999242846
227 3 352 6 78.44035950965426
352 6 795 6 2.099999999956026
795 6 793 6 1.0000000000331966
793 6 356 6 1.2206555616057424
356 6 792 6 1.1180339887552333
792 6 794 6 1.0049875621482793
794 6 355 53 3.026549190040164
355 53 351 53 4.100000000022419
351 53 352 6 6.000833275528591
352 6 360 6 9.57548954367318
360 6 361 6 1.100000000064938
361 6 39 35 129.50756734644958
39 35 364 58 41.15349316884648
364 58 365 58 5.000000000023874
365 58 366 58 1.9999999999953388
366 58 367 58 2.000000000066393
367 58 368 58 3.1999999999499096
368 58 369 58 7.000000000090267
369 58 364 58 1.1999999999545707
364 58 370 94 9.141115905497399
370 94 371 94 1.9999999999242846
371 94 372 94 1.8000000000029104
372 94 373 58 5.000000000023874
373 58 374 58 1.1999999999545707
374 58 375 94 7.000714249223473
375 94 370 94 3.0999999999892225
370 94 376 94 3.2572994949367726
376 94 377 47 7.000000000090267
377 47 378 58 0.9999999999621423
378 58 379 94 7.000714249365567
379 94 376 94 1.0999999999938836
376 94 380 58 8.075270893269664
380 58 381 59 7.000714249364551
381 59 382 59 1.0999999999938836
382 59 383 58 7.000714249364551
383 58 380 58 1.0999999999938836
380 58 384 5 19.334166648745832
384 5 385 69 7.999999999981355
385 69 386 69 1.200000000025625
386 69 387 5 7.999999999981355
387 5 384 5 1.200000000025625
384 5 388 5 4.3000000000148475
388 5 389 69 8.00062497556871
389 69 390 69 1.1999999999545707
390 69 391 5 8.000624975569599
391 5 388 5 1.200000000025625
388 5 392 52 13.244244032751014
392 52 393 52 11.004090148606968
393 52 394 52 3.4999999999740794
394 52 395 69 11.007270324591937
395 69 392 52 3.5999999999347665
392 52 396 69 4.924428900866736
396 69 397 52 8.002499609478196
397 52 398 69 1.600000000010482
398 69 399 69 8.005623023832449
399 69 396 69 1.7000000000422233
396 69 400 5 5.035871324835132
400 5 401 69 4.001249804739985
401 69 402 69 1.4000000000180535
402 69 403 5 3.9999999999906777
403 5 400 5 1.299999999986312
400 5 404 97 10.600000000012969
404 97 405 97 7.000714249223473
405 97 406 97 1.9999999999953388
406 97 407 97 3.9999999999906777
407 97 408 97 0.3999999999848569
408 97 409 97 2.999999999957481
409 97 404 97 1.4999999999787406
404 97 410 73 13.024592124135307
410 73 411 97 9.000000000014552
411 97 412 97 0.7999999999697138
412 97 413 73 9.000555538424742
413 73 410 73 0.9000000000014552
410 73 414 22 9.00499861189753
414 22 415 73 7.000714249222457
415 73 416 73 0.9000000000014552
416 73 417 22 6.999999999948159
417 22 414 22 0.8000000000407681
414 22 418 22 8.246211251216103
418 22 419 22 1.0000000000331966
419 22 420 22 0.3999999999848569
420 22 421 22 4.001249804739985
421 22 422 22 0.29999999995311555
422 22 423 22 1.9999999999242846
423 22 424 22 1.299999999986312
424 22 425 22 6.999999999948159
425 22 418 22 1.299999999986312
418 22 426 78 26.0155722597168
426 78 427 78 0.7999999999697138
427 78 428 76 10.999999999938836
428 76 429 76 0.9000000000014552
429 76 426 78 11.000454536002627
426 78 430 53 13.024592124135307
430 53 431 78 7.999999999981355
431 78 432 78 1.4999999999787406
432 78 433 78 1.9999999999242846
433 78 434 78 0.6000000000483396
434 78 435 53 6.000833275527407
435 53 430 53 2.1999999999877673
430 53 436 53 5.200000000016303
436 53 437 53 2.999999999957481
437 53 438 53 2.10000000002708
438 53 439 53 2.999999999957481
439 53 436 53 2.10000000002708
436 53 440 78 6.161168720359425
440 78 441 78 2.999999999957481
441 78 442 12 2.10000000002708
442 12 443 53 3.0016662039192887
443 53 440 78 1.9999999999953388
440 78 444 80 17.492855684604805
444 80 445 53 7.002856559952603
445 53 446 80 2.599999999972624
446 80 447 80 7.002856559952603
447 80 444 80 2.599999999972624
444 80 448 80 5.590169943725324
448 80 449 80 6.000833275385318
449 80 450 80 1.699999999971169
450 80 451 80 6.000833275386502
451 80 448 80 1.7000000000422233
448 80 452 64 14.099999999999113
452 64 453 96 6.000833275385318
453 96 454 96 1.600000000010482
454 96 455 80 6.000833275386502
455 80 452 64 1.5999999999394277
452 64 456 80 4.599999999967963
456 80 457 80 6.003332407836211
457 80 458 80 1.8000000000029104
458 80 459 80 6.000833275385318
459 80 456 80 1.9000000000346517
456 80 460 80 5.9999999999860165
460 80 461 80 6.003332407836211
461 80 462 80 1.699999999971169
462 80 463 80 6.003332407836211
463 80 460 80 1.699999999971169
460 80 464 29 16.999999999929035
464 29 465 29 3.0413812652500734
465 29 466 29 3.6400549445854153
466 29 467 29 2.0024984393760428
467 29 468 29 1.3999999999469992
468 29 469 29 1.0000000000331966
469 29 464 29 4.609772228591385
464 29 470 53 5.590169943776167
470 53 471 53 1.0440306509297967
471 53 472 29 2.78567765542319
472 29 473 29 1.077032961478488
473 29 470 53 2.879236009793217
470 53 474 29 8.558621384313692
474 29 475 29 2.0024984395144254
475 29 476 29 3.3526109228779535
476 29 477 29 1.019803902749624
477 29 474 29 3.0999999999892225
474 29 478 96 9.399999999999409
478 96 479 96 2.0024984395179737
479 96 480 96 0.5999999999772854
480 96 481 96 1.0049875621482793
481 96 482 96 4.123105625582202
482 96 483 96 2.009975124155155
483 96 484 96 0.5999999999772854
484 96 485 96 1.019803902749624
485 96 478 96 4.317406628975835
478 96 486 29 9.090654541956226
486 29 487 29 0.999999999891088
487 29 488 96 4.099999999951365
488 96 489 96 0.999999999891088
489 96 486 29 4.099999999951365
486 29 490 29 2.500000000040359
490 29 491 29 1.0000000000331966
491 29 492 96 3.299999999981651
492 96 493 96 1.0000000000331966
493 96 490 29 3.299999999981651
490 29 494 56 12.727922061378436
494 56 495 19 16.00124995113831
495 19 496 19 1.600000000010482
496 19 497 56 16.00124995113831
497 56 494 56 1.600000000010482
494 56 498 56 9.900000000016007
498 56 499 56 7.2000000000116415
499 56 500 56 3.0016662039192887
500 56 501 56 4.899999999992133
501 56 502 19 11.000000000080945
502 19 503 19 4.699999999999704
503 19 504 19 1.9999999999242846
504 19 505 19 6.100000000017758
505 19 506 56 14.000357138198414
506 56 507 56 0.9000000000014552
507 56 498 56 2.000000000066393
498 56 508 19 19.61733926914848
508 19 509 19 1.4999999999787406
509 19 510 92 7.000714249222457
510 92 511 92 1.600000000010482
511 92 508 19 7.002856559952603
508 19 512 92 9.124143795458188
512 92 513 92 8.002499609478196
513 92 514 92 1.1999999999545707
514 92 515 92 8.002499609478196
515 92 512 92 1.1999999999545707
512 92 516 19 9.035485598436853
516 19 517 92 6.999999999948159
517 92 518 92 1.299999999986312
518 92 519 19 7.000714249223473
519 19 516 19 1.4000000000180535
516 19 520 19 4.7999999999603915
520 19 521 92 6.999999999948159
521 92 522 92 1.3000000000573664
522 92 523 19 6.999999999948159
523 19 520 19 1.3000000000573664
520 19 524 46 4.899999999992133
524 46 525 77 6.999999999948159
525 77 526 77 1.200000000025625
526 77 527 46 7.000714249223473
527 46 524 46 1.3000000000573664
524 46 528 28 50.241516696768194
528 28 529 28 1.699999999971169
529 28 530 28 3.9999999999906777
530 28 531 28 0.499999999945544
531 28 532 28 1.0000000000331966
532 28 533 28 1.1180339887870097
533 28 534 28 1.0000000000331966
534 28 535 28 2.879236009793217
535 28 536 28 3.0016662040589517
536 28 537 28 1.9000000000346517
537 28 538 28 0.0
538 28 539 28 0.7000000000090267
539 28 540 28 1.9999999999242846
540 28 541 28 0.7000000000090267
541 28 528 28 1.0000000000331966
528 28 542 77 39.7763748976287
542 77 543 90 7.999999999981355
543 90 544 90 1.1999999999545707
544 90 545 77 8.000624975569599
545 77 542 77 1.299999999986312
542 77 546 90 9.008884503658033
546 90 547 38 9.000000000014552
547 38 548 38 1.1999999999545707
548 38 549 90 9.000000000014552
549 90 546 90 1.1999999999545707
546 90 550 90 3.2572994949367726
550 90 551 38 8.000624975711697
551 38 552 38 1.0999999999938836
552 38 553 90 8.000624975711697
553 90 550 90 1.0999999999938836
550 90 554 77 10.007996802462554
554 77 555 90 7.000714249223473
555 90 556 90 1.200000000025625
556 90 557 77 6.999999999948159
557 77 554 77 1.0999999999938836
554 77 558 77 1.8027756377327198
558 77 559 77 2.000000000066393
559 77 560 77 1.299999999986312
560 77 561 90 5.999999999914962
561 90 562 90 1.299999999986312
562 90 563 90 1.0000000000331966
563 90 564 90 2.3000000000195087
564 90 565 77 9.000000000014552
565 77 558 77 2.3000000000195087
558 77 566 77 3.6400549446927757
566 77 567 77 1.0000000000331966
567 77 568 77 1.1999999999545707
568 77 569 73 5.999999999914962
569 73 570 90 1.299999999986312
570 90 571 90 2.000000000066393
571 90 572 73 2.1999999999877673
572 73 573 77 9.000000000014552
573 77 566 77 2.099999999956026
566 77 574 22 3.736308338468374
574 22 575 73 6.999999999948159
575 73 576 73 1.299999999986312
576 73 577 22 7.000714249222457
577 22 574 22 1.3999999999469992
574 22 578 73 11.350770898879803
578 73 579 38 6.000833275527407
579 38 580 38 1.100000000064938
580 38 581 38 1.0000000000331966
581 38 582 38 2.2000000000588216
582 38 583 73 7.000000000090267
583 73 578 73 1.0000000000331966
578 73 584 90 3.0999999999892225
584 90 585 38 6.000000000057071
585 38 586 38 1.299999999986312
586 38 587 38 1.0000000000331966
587 38 588 38 2.1999999999877673
588 38 589 90 7.000000000090267
589 90 584 90 0.9000000000014552
584 90 630 17 51.577223655466746
630 17 628 76 76.03479466661804
628 76 629 99 45.000444442322404
629 99 784 99 4.004996878890468
784 99 668 21 15.001333274009708
668 21 631 21 8.002499609478196
631 21 632 93 24.000208332515125
632 93 633 24 71.00112675156377
633 24 591 59 224.51057881534834
591 59 592 27 5.999999999914962
592 27 593 27 1.5999999999394277
593 27 594 59 5.999999999914962
594 59 591 59 1.5999999999394277
591 59 595 69 5.885575587800041
595 69 596 69 2.1999999999877673
596 69 597 27 6.000000000057071
597 27 598 27 3.699999999966508
598 27 599 27 2.999999999957481
599 27 600 27 2.1999999999877673
600 27 601 69 2.000000000066393
601 69 602 69 0.7000000000090267
602 69 595 69 1.0000000000331966
595 69 605 82 183.9428172013987
605 82 604 82 0.5000000000165983
604 82 190 82 1.0000000000331966
190 82 606 3 4.036087214093429
606 3 603 82 5.0009999000430785
603 82 609 78 110.03072298236351
609 78 298 78 0.19999999999242846
298 78 611 93 64.11871801587097
611 93 612 93 4.205948168964726
612 93 610 93 0.3000000000241698
610 93 187 93 1.0000000000331966
187 93 607 93 4.4721359549573805
607 93 613 78 62.104428183426855
613 78 299 78 0.3000000000241698
299 78 608 78 7.964923100774447
608 78 616 15 133.90877491786742
616 15 614 15 1.699999999971169
614 15 615 15 1.0198039026102752
615 15 617 15 1.077032961452099
617 15 618 15 2.000000000066393
618 15 619 15 19.2416215533258
619 15 620 15 6.003332407978241
620 15 622 15 1.9999999999953388
622 15 621 15 2.0024984393760428
621 15 623 15 1.9999999999953388
623 15 620 15 2.0024984393760428
620 15 622 15 1.9999999999953388
622 15 621 15 2.0024984393760428
621 15 626 15 2.000000000066393
626 15 616 15 6.003332407978241
616 15 624 15 2.009975124148085
624 15 625 15 1.3000000000573664
625 15 626 15 8.10493676717165
626 15 627 15 4.399999999975535
627 15 636 24 263.98842777675355
636 24 638 3 53.00009433959272
638 3 669 21 49.000102040773434
669 21 634 99 5.000000000023874
634 99 635 99 12.999999999863121
635 99 637 22 54.00000000008731
637 22 53 94 49.14153029772492
53 94 102 94 3.9999999999906777
102 94 99 92 8.000624975569599
99 92 77 47 23.4401365183109
77 47 78 38 4.99999999995282
78 38 79 38 4.707440918390918
79 38 80 38 1.9999999999953388
80 38 1866 97 7.269112738151047
1866 97 103 97 2.500000000011937
103 97 640 18 178.84630272941328
640 18 641 61 9.000555538423951
641 61 642 61 0.499999999945544
642 61 643 61 0.5000000000165983
643 61 644 61 1.1661903789858392
644 61 645 61 1.3453624047330193
645 61 646 61 1.0440306509297967
646 61 647 18 8.00062497556871
647 18 648 18 1.1180339887870097
648 18 649 18 0.7000000000090267
649 18 650 18 0.8000000000407681
650 18 640 18 1.1661903789858392
640 18 651 23 114.07370424417806
651 23 652 23 3.0016662040613187
652 23 651 23 3.0016662040613187
651 23 1935 37 150.00083333102427
1935 37 654 1 22.00363606317961
654 1 655 1 2.6000000000436785
655 1 656 1 2.6999999999333113
656 1 657 1 2.000000000066393
657 1 658 1 7.300000000043383
658 1 659 60 3.162277660250887
659 60 1936 50 16.53027525486882
1936 50 1106 36 11.00045453600198
1106 36 1937 84 16.752313273133485
1937 84 1940 84 2.0024984393760428
1940 84 1939 84 3.4999999999740794
1939 84 1938 84 2.0024984393760428
1938 84 1105 84 2.507987240828018
1105 84 1935 37 15.727682601038406
1935 37 666 97 222.9139071480721
666 97 667 5 10.647065323392972
667 5 1865 27 18.00111107684869
1865 27 1862 52 9.751410154446361
1862 52 1864 52 8.009993757780936
1864 52 1863 52 4.001249804739985
1863 52 666 97 8.002499609478196
666 97 164 39 62.293579123393194
164 39 672 91 2.3999999999801958
672 91 673 91 3.9000000000299906
673 91 674 91 1.0049875621482793
674 91 675 91 0.29999999995311555
675 91 700 83 3.9999999999906777
700 83 676 83 2.999999999957481
676 83 677 91 10.200000000027638
677 91 678 83 3.0016662039192887
678 83 679 91 6.013318551263306
679 91 680 91 1.4999999999787406
680 91 681 91 1.5000000000497948
681 91 682 91 1.9999999999953388
682 91 683 91 1.0198039026102752
683 91 684 91 1.600000000010482
684 91 685 91 2.999999999957481
685 91 690 91 2.0024984393760428
690 91 686 91 3.0149626864377677
686 91 687 2 2.039607805359899
687 2 682 91 9.055385138147699
682 91 688 91 1.004987562141209
688 91 689 91 1.077032961452099
689 91 685 91 1.3000000000573664
685 91 681 91 4.294182110746151
681 91 691 91 6.067124524903661
691 91 692 91 1.0440306509297967
692 91 693 83 18.309560344263463
693 83 704 39 2.7000000000043656
704 39 694 39 0.19999999999242846
694 39 695 39 1.0049875619998057
695 39 696 39 1.200000000025625
696 39 697 39 0.9999999999621423
697 39 698 39 0.0
698 39 699 39 2.40000000005125
699 39 700 83 11.900000000011346
700 83 701 83 2.9732137493941586
701 83 702 83 2.900000000065398
702 83 703 39 2.10000000002708
703 39 704 39 2.000000000066393
704 39 705 58 27.507089995048347
705 58 706 87 2.500000000011937
706 87 707 87 0.09999999996068709
707 87 708 87 3.299999999981651
708 87 709 39 19.836582366842638
709 39 710 39 4.512205669124178
710 39 711 11 13.943098651392164
711 11 712 11 3.0016662040613187
712 11 713 11 0.4000000000559112
713 11 714 11 2.0024984393760428
714 11 715 11 1.600000000010482
715 11 716 11 0.999999999891088
716 11 717 89 7.91770168679118
717 89 718 89 4.004996878890468
718 89 719 89 4.400000000046589
719 89 720 89 3.006659275631653
720 89 721 92 42.81927136235498
721 92 722 94 7.002856559952603
722 94 723 94 1.004987562141209
723 94 724 94 1.0440306509297967
724 94 725 94 4.001249804739985
725 94 727 23 57.74738089302294
727 23 728 23 1.3453624047330193
728 23 729 89 7.017834423753511
729 89 730 34 20.892343094960747
730 34 731 34 2.1470910553416367
731 34 732 34 1.699999999971169
732 34 733 34 3.6400549446927757
733 34 734 0 11.034491379291048
734 0 737 67 3.16227766013854
737 67 735 67 2.059126028147052
735 67 736 67 3.0000000000285354
736 67 737 67 4.903060268861077
737 67 738 67 2.0024984395179737
738 67 739 67 5.015974481590875
739 67 740 67 5.325410782313628
740 67 741 67 4.805205510700205
741 67 742 64 29.103436223201104
742 64 743 64 4.044749683229289
743 64 744 64 1.019803902749624
744 64 748 64 0.5000000000165983
748 64 745 64 1.2806248474935724
745 64 746 64 2.059126028216066
746 64 747 64 2.1999999999877673
747 64 748 64 5.199999999988974
748 64 744 64 0.5000000000165983
744 64 749 64 0.8000000000407681
749 64 750 64 1.4142135623697991
750 64 142 64 2.3323807578863787
142 64 751 56 25.056735621471205
751 56 752 56 2.1999999999877673
752 56 753 56 1.0000000000331966
753 56 754 0 2.599999999972624
754 0 755 0 1.0049875621482793
755 0 756 0 0.5999999999772854
756 0 757 0 2.999999999957481
757 0 758 0 0.09999999996068709
758 0 759 0 0.5999999999772854
759 0 760 0 4.031128874142083
760 0 134 0 3.544009029287918
134 0 760 0 3.544009029287918
760 0 761 0 1.0049875621482793
761 0 762 0 1.8000000000029104
762 0 763 0 4.001249804739985
763 0 764 0 4.699999999999704
764 0 1905 70 28.28002828857896
1905 70 1904 70 5.197114584038407
1904 70 767 70 5.008991914430704
767 70 768 70 2.3259406699613234
768 70 770 67 8.015609770918694
770 67 1907 23 2.899999999996794
1907 23 1908 23 0.29999999995311555
1908 23 1906 23 4.3000000000148475
1906 23 1905 70 13.00961183126355
1905 70 891 34 26.514901470695932
891 34 772 34 4.100000000022419
772 34 773 34 2.0024984395144254
773 34 774 34 0.3000000000241698
774 34 775 89 9.0022219479559
775 89 892 89 2.899999999996794
892 89 893 89 1.9999999999242846
893 89 778 89 4.220189569231485
778 89 779 89 1.0000000000331966
779 89 780 89 0.9000000000014552
780 89 781 34 10.004498987859645
781 34 890 34 2.3000000000195087
890 34 891 34 3.0000000000995897
891 34 803 40 90.42212118723963
803 40 802 40 2.899999999996794
802 40 801 40 1.0000000000331966
801 40 800 40 2.7000000000043656
800 40 799 40 2.154065922904198
799 40 798 21 5.0039984011602785
798 21 797 21 0.9999999999621423
797 21 796 40 6.000833275386502
796 40 803 40 2.500000000040359
803 40 811 40 4.100000000022419
811 40 810 40 2.000000000066393
810 40 809 40 0.5000000000165983
809 40 808 21 5.003998401302273
808 21 807 21 0.5000000000165983
807 21 806 21 0.999999999891088
806 21 805 21 1.299999999986312
805 21 804 40 7.999999999981355
804 40 811 40 1.4999999999787406
811 40 817 14 17.06604816587007
817 14 816 14 2.000000000066393
816 14 815 14 0.5999999999772854
815 14 814 93 4.001249804739985
814 93 813 14 3.5000000000451337
813 14 812 14 5.000000000023874
812 14 817 14 2.97321374950887
817 14 822 93 9.143850392504897
822 93 821 93 3.9999999999906777
821 93 820 93 1.2206555616057424
820 93 819 40 3.6000000000058208
819 40 818 93 5.000000000023874
818 93 822 93 4.3000000000148475
822 93 826 74 19.012890364233947
826 74 825 93 19.00026315613443
825 93 824 93 5.29999999997699
824 93 823 74 19.004210059940807
823 74 826 74 5.60000000000116
826 74 830 65 40.0660704336304
830 65 829 82 13.999999999896318
829 82 828 82 1.4999999999787406
828 82 827 65 14.000357138198414
827 65 830 65 1.600000000010482
830 65 834 41 23.000217390188
834 41 833 3 2.000000000066393
833 3 832 41 3.8999999999589363
832 41 831 41 2.000000000066393
831 41 834 41 3.8999999999589363
834 41 842 41 8.85663593017622
842 41 841 41 2.000000000066393
841 41 840 41 1.1999999999545707
840 41 839 41 5.999999999914962
839 41 838 41 0.9999999999621423
838 41 837 41 2.000000000066393
837 41 836 41 2.3999999999801958
836 41 835 41 10.000499987548688
835 41 842 41 2.499999999940883
842 41 850 82 4.000000000061732
850 82 849 82 2.000000000066393
849 82 848 82 1.1999999999545707
848 82 847 3 5.999999999914962
847 3 846 41 1.299999999986312
846 41 845 3 2.000000000066393
845 3 844 3 2.3999999999801958
844 3 843 82 10.000499987548688
843 82 850 82 2.3999999999801958
850 82 863 12 113.00283182298048
863 12 862 12 7.000714249223473
862 12 861 12 1.7000000000422233
861 12 860 12 1.0440306509093795
860 12 859 12 1.8000000000029104
859 12 858 12 5.003998401302273
858 12 857 12 0.7999999999697138
857 12 856 12 1.004987562141209
856 12 855 12 1.2206555615649954
855 12 854 12 1.1180339886281276
854 12 853 12 1.2206555614893226
853 12 852 12 0.3000000000241698
852 12 851 12 1.004987562006876
851 12 863 12 2.3000000000195087
863 12 869 76 12.393950137033066
869 76 868 76 8.002499609478196
868 76 867 76 1.3999999999469992
867 76 866 76 5.000999900044499
866 76 865 76 0.3999999999848569
865 76 864 76 3.006659275631653
864 76 869 76 1.0999999999938836
869 76 875 76 3.699999999966508
875 76 874 76 7.000714249222457
874 76 873 76 0.9999999999621423
873 76 872 76 6.003332407836211
872 76 871 76 0.5000000000165983
871 76 870 76 2.000000000066393
870 76 875 76 1.8867962264378038
875 76 881 76 9.0022219479559
881 76 880 22 8.002499609478196
880 22 879 22 1.600000000010482
879 22 878 22 1.0000000000331966
878 22 877 22 0.5000000000165983
877 22 876 76 7.000714249223473
876 76 881 76 1.0000000000331966
881 76 885 97 31.99999999992542
885 97 884 97 5.000000000023874
884 97 883 97 1.0000000000331966
883 97 882 97 5.000000000023874
882 97 885 97 1.0000000000331966
885 97 889 73 8.13941029802761
889 73 888 97 5.003998401302273
888 97 887 97 1.4000000000180535
887 97 886 73 5.003998401302273
886 73 889 73 1.4000000000180535
889 73 894 84 200.37517311277554
894 84 288 84 2.7999999999650527
288 84 289 84 2.1999999999877673
289 84 894 84 0.5999999999772854
894 84 902 43 182.07427056005218
902 43 711 11 6.4776538962570065
711 11 163 11 1.9000000000346517
163 11 275 11 5.885575587800041
275 11 907 24 182.0185704812089
907 24 908 65 10.000000000047748
908 65 909 65 2.499999999940883
909 65 910 65 2.000000000066393
910 65 911 65 1.299999999986312
911 65 912 24 6.000833275385318
912 24 913 24 1.299999999986312
913 24 914 24 2.000000000066393
914 24 907 24 2.3999999999801958
907 24 915 75 8.89999999998281
915 75 916 75 2.500000000011937
916 75 917 75 2.0024984395179737
917 75 918 75 1.1999999999545707
918 75 919 65 5.999999999914962
919 65 920 65 1.299999999986312
920 65 921 65 2.000000000066393
921 65 922 65 2.500000000011937
922 65 915 75 10.000000000047748
915 75 924 3 38.43383925666862
924 3 925 24 37.000000000091404
925 24 661 75 11.100000000041632
661 75 662 65 10.000499987547979
662 65 663 7 15.10000000003231
663 7 664 26 10.001999799945498
664 26 665 26 5.000000000023874
665 26 923 54 17.000294115240617
923 54 927 54 3.6000000000058208
927 54 924 3 17.800000000036675
924 3 926 7 31.509363687669882
926 7 1221 26 8.999999999872443
1221 26 930 26 5.0009999000430785
930 26 936 26 2.000000000066393
936 26 938 54 8.00062497556871
938 54 927 54 2.000000000066393
927 54 928 54 1.9999999999242846
928 54 929 26 14.406942770802106
929 26 930 26 3.300000000052705
930 26 931 41 5.590169943725324
931 41 934 41 0.5999999999772854
934 41 932 82 10.400000000032605
932 82 933 41 13.753544997597533
933 41 934 41 9.000000000014552
934 41 935 26 9.55248658723519
935 26 936 26 3.4000000000133923
936 26 937 54 8.579627031525053
937 54 938 54 3.200000000020964
938 54 939 6 67.28751741600222
939 6 940 6 4.001249804738209
940 6 941 38 87.19982798138265
941 38 942 38 1.9000000000346517
942 38 943 38 1.0000000000331966
943 38 944 38 0.9000000000014552
944 38 945 5 6.000833275528591
945 5 946 5 0.499999999945544
946 5 947 5 0.999999999891088
947 5 948 5 1.4999999999787406
948 5 941 38 8.000624975569599
941 38 949 38 2.899999999996794
949 38 950 38 1.9000000000346517
950 38 951 38 1.0049875621482793
951 38 952 38 0.7999999999697138
952 38 953 5 6.000833275528591
953 5 954 5 0.6000000000483396
954 5 955 5 0.999999999891088
955 5 956 5 1.5000000000497948
956 5 949 38 7.999999999981355
949 38 957 38 2.9000000000678483
957 38 958 38 1.8000000000029104
958 38 959 38 1.0000000000331966
959 38 960 38 0.9000000000014552
960 38 961 5 6.000000000057071
961 5 962 5 0.5999999999772854
962 5 963 5 0.999999999891088
963 5 964 5 1.4999999999787406
964 5 957 38 7.999999999981355
957 38 965 47 4.99999999995282
965 47 966 47 2.000000000066393
966 47 967 47 1.0999999999938836
967 47 968 47 4.001249804739985
968 47 969 47 1.200000000025625
969 47 970 47 5.000000000023874
970 47 971 47 1.1180339887870097
971 47 965 47 1.699999999971169
965 47 972 94 6.378871373519811
972 94 973 47 1.9999999999242846
973 47 974 47 1.0999999999938836
974 47 975 47 3.0016662039192887
975 47 976 47 0.4000000000559112
976 47 977 47 2.000000000066393
977 47 978 47 1.0000000000331966
978 47 979 47 1.077032961452099
979 47 980 47 5.0009999000430785
980 47 981 47 1.0770329613465435
981 47 972 94 1.699999999971169
972 94 982 47 3.0999999999892225
982 47 983 47 1.9999999999242846
983 47 984 47 1.0999999999938836
984 47 985 47 4.001249804739985
985 47 986 47 0.3999999999848569
986 47 987 47 1.0000000000331966
987 47 988 47 0.9999999999621423
988 47 989 47 1.0440306509297967
989 47 990 47 5.000000000023874
990 47 991 47 1.0770329613465435
991 47 982 47 1.699999999971169
982 47 992 59 14.999999999929514
992 59 993 59 1.0000000000331966
993 59 994 59 1.0999999999938836
994 59 995 59 3.9999999999906777
995 59 996 59 0.29999999995311555
996 59 997 47 1.0049875621482793
997 47 998 47 0.9999999999621423
998 47 999 47 0.4000000000559112
999 47 1000 59 6.000000000057071
1000 59 1001 59 0.4000000000559112
1001 59 992 59 1.699999999971169
992 59 1002 59 3.0999999999892225
1002 59 1003 59 1.0000000000331966
1003 59 1004 59 1.200000000025625
1004 59 1005 59 3.9999999999906777
1005 59 1006 59 0.5000000000165983
1006 59 1007 47 1.0000000000331966
1007 47 1008 47 0.9000000000014552
1008 47 1009 47 0.5000000000165983
1009 47 1010 59 6.000000000057071
1010 59 1011 59 0.5000000000165983
1011 59 1002 59 1.600000000010482
1002 59 1012 5 9.60416576282442
1012 5 1013 5 0.9999999999621423
1013 5 1014 59 6.000000000057071
1014 59 1015 59 1.200000000025625
1015 59 1016 59 1.0000000000331966
1016 59 1017 59 1.8000000000029104
1017 59 1018 59 0.5000000000165983
1018 59 1012 5 7.000714249365567
1012 5 1019 5 1.9723082923848272
1019 5 1020 5 1.0000000000331966
1020 5 1021 5 0.29999999995311555
1021 5 1022 69 5.000000000023874
1022 69 1023 69 1.1999999999545707
1023 69 1024 69 2.0024984393724945
1024 69 1025 69 1.600000000010482
1025 69 1026 69 1.1661903789858392
1026 69 1027 5 6.999999999948159
1027 5 1028 5 0.499999999945544
1028 5 1019 5 0.9000000000014552
1019 5 1029 69 10.358088626816171
1029 69 1030 27 6.000833275385318
1030 27 1031 27 0.9000000000014552
1031 27 1032 27 1.0000000000331966
1032 27 1033 27 3.7999999999982492
1033 27 1035 69 5.000000000023874
1035 69 1036 69 0.19999999999242846
1036 69 1034 69 1.9999999999242846
1034 69 1029 69 4.599999999967963
1029 69 1037 8 29.480332427007873
1037 8 1038 8 1.1999999999545707
1038 8 1039 8 5.000000000023874
1039 8 1040 8 0.7000000000090267
1040 8 1041 8 1.0000000000331966
1041 8 1042 8 1.8999999999635975
1042 8 1037 8 6.000000000057071
1037 8 1043 8 4.399999999975535
1043 8 1044 8 5.000000000023874
1044 8 1045 8 0.5999999999772854
1045 8 1046 8 1.0000000000331966
1046 8 1047 8 1.8000000000029104
1047 8 1048 8 6.000000000057071
1048 8 1043 8 1.200000000025625
1043 8 1049 8 1.9000000000346517
1049 8 1050 8 1.1999999999545707
1050 8 1051 94 4.001249804738209
1051 94 1052 94 0.7999999999697138
1052 94 1053 94 2.000000000066393
1053 94 1054 94 1.8999999999635975
1054 94 1049 8 6.000000000057071
1049 8 1055 94 4.317406628975835
1055 94 1056 94 3.9999999999906777
1056 94 1057 94 1.200000000025625
1057 94 1058 94 3.9999999999906777
1058 94 1055 94 1.200000000025625
1055 94 1059 8 6.579513659762637
1059 8 1060 8 3.9999999999906777
1060 8 1061 8 1.0000000000331966
1061 8 1062 8 3.9999999999906777
1062 8 1059 8 1.0000000000331966
1059 8 1063 8 2.3999999999801958
1063 8 1064 8 4.001249804739985
1064 8 1065 8 1.0000000000331966
1065 8 1066 8 4.001249804739985
1066 8 1063 8 1.0000000000331966
1063 8 1067 8 2.800000000036107
1067 8 1068 8 1.9999999999242846
1068 8 1069 8 2.7000000000043656
1069 8 1070 8 2.0024984393760428
1070 8 1067 8 2.599999999972624
1067 8 1071 8 2.3323807578863787
1071 8 1072 8 2.000000000066393
1072 8 1073 8 1.299999999986312
1073 8 1074 8 2.000000000066393
1074 8 1071 8 1.299999999986312
1071 8 1081 27 41.57655589399582
1081 27 1083 27 1.004987562006876
1083 27 1084 52 15.23187447431344
1084 52 1082 52 1.0000000000331966
1082 52 169 56 82.67067194599848
169 56 751 56 5.999999999914962
751 56 311 56 3.0016662040613187
311 56 151 56 1.0000000000331966
151 56 1991 96 5.999999999914962
1991 96 134 0 2.2000000000588216
134 0 129 0 2.088061301839176
129 0 764 0 2.0024984393760428
764 0 171 96 3.0016662040589517
171 96 166 0 6.477653896235068
166 0 148 64 4.019950248437573
148 64 1085 56 20.591260281863896
1085 56 1086 56 1.0000000000331966
1086 56 1087 19 18.00999722379269
1087 19 1087 19 0.0
1087 19 1089 92 9.066973034053232
1089 92 1088 92 10.00449898800382
1088 92 175 92 10.358088626816171
175 92 905 43 4.899999999992133
905 43 162 43 1.0049875621482793
162 43 136 43 2.499999999940883
136 43 178 43 4.1231056256856
178 43 904 43 1.2806248474935724
904 43 173 43 1.4000000000180535
173 43 147 43 2.0024984393760428
147 43 1090 62 96.94065194749713
1090 62 1091 62 1.9999999999953388
1091 62 1092 62 2.999999999957481
1092 62 1093 62 2.10000000002708
1093 62 1094 52 83.51101723725007
1094 52 1095 27 17.11724276861078
1095 27 1096 28 15.138031576183247
1096 28 1097 28 11.539497389315443
1097 28 1098 2 17.799157283415585
1098 2 1100 85 102.18825764257161
1100 85 1099 51 7.000714249184905
1099 51 1103 28 126.0287665574629
1103 28 1104 27 12.27232659278651
1104 27 1109 72 228.24425513033802
1109 72 1110 72 1.0999999999938836
1110 72 1111 36 9.000000000014552
1111 36 1112 36 1.0999999999938836
1112 36 1109 72 9.000000000014552
1109 72 1113 36 11.000454536002627
1113 36 1114 36 1.0999999999938836
1114 36 1115 50 9.000000000014552
1115 50 1116 50 1.0999999999938836
1116 50 1113 36 9.000000000014552
1113 36 1117 72 11.543396380570595
1117 72 1118 72 1.0999999999938836
1118 72 1119 36 9.000000000014552
1119 36 1120 36 1.0999999999938836
1120 36 1117 72 9.000000000014552
1117 72 1121 36 11.00045453600198
1121 36 1122 36 1.0999999999938836
1122 36 1123 60 9.000000000014552
1123 60 1124 60 1.0999999999938836
1124 60 1121 36 9.000000000014552
1121 36 1125 72 12.322337440564313
1125 72 1126 72 0.8000000000407681
1126 72 1130 72 1.9999999999242846
1130 72 1129 72 0.19999999999242846
1129 72 1127 72 1.5000000000497948
1127 72 1128 72 0.9000000000014552
1128 72 1125 72 1.9999999999242846
1125 72 1131 72 3.1622776601160703
1131 72 1132 72 1.9999999999242846
1132 72 1133 84 6.100000000017758
1133 84 1134 84 0.999999999891088
1134 84 1131 72 6.181423784233131
1131 72 1135 16 17.240939649504334
1135 16 1136 16 1.299999999986312
1136 16 1137 84 9.000555538281851
1137 84 1138 84 1.1999999999545707
1138 84 1139 16 3.0016662039192887
1139 16 1140 16 0.5999999999772854
1140 16 1141 16 1.0000000000331966
1141 16 1199 16 2.800000000036107
1199 16 1202 16 1.0000000000331966
1202 16 1201 16 1.0999999999938836
1201 16 1200 16 1.0000000000331966
1200 16 1142 16 2.7000000000043656
1142 16 1143 16 0.0
1143 16 1144 16 0.5999999999772854
1144 16 1145 16 1.9999999999242846
1145 16 1146 37 1.4999999999787406
1146 37 1147 66 9.000555538282642
1147 66 1148 16 1.7000000000422233
1148 16 1149 16 4.999999999881766
1149 16 1150 16 2.599999999972624
1150 16 1155 16 1.9999999999242846
1155 16 1156 16 0.9999999999621423
1156 16 1151 16 3.0016662039192887
1151 16 1152 16 4.3000000000148475
1152 16 1158 16 2.999999999957481
1158 16 1157 16 0.8000000000407681
1157 16 1153 16 1.9999999999242846
1153 16 1154 16 2.7000000000043656
1154 16 1135 16 5.000999899900998
1135 16 1159 60 1.7204650533846921
1159 60 1160 60 5.000000000023874
1160 60 1161 60 1.4999999999787406
1161 60 1162 60 4.148493702527698
1162 60 1163 60 0.9000000000014552
1163 60 1164 16 1.0000000000331966
1164 16 1159 60 3.4999999999740794
1159 60 1165 16 7.199999999940587
1165 16 1166 66 3.4000000000133923
1166 66 1167 1 6.000833275528591
1167 1 1168 1 1.600000000010482
1168 1 1169 66 4.001249804739985
1169 66 1170 60 1.8000000000029104
1170 60 1165 16 2.000000000066393
1165 16 1171 66 6.699999999995043
1171 66 1172 66 1.9000000000346517
1172 66 1173 66 3.0000000000995897
1173 66 1174 66 1.9000000000346517
1174 66 1171 66 3.0000000000995897
1171 66 1175 1 4.664761515858058
1175 1 1176 1 2.000000000066393
1176 1 1177 1 0.3999999999848569
1177 1 1178 1 1.0049875621482793
1178 1 1179 1 0.5000000000165983
1179 1 1180 1 2.999999999957481
1180 1 1181 1 1.600000000010482
1181 1 1182 1 6.000000000057071
1182 1 1175 1 1.600000000010482
1175 1 1183 1 4.459820624248966
1183 1 1184 1 0.999999999891088
1184 1 1185 1 4.900000000063187
1185 1 1186 66 8.000624975569599
1186 66 1187 66 1.9000000000346517
1187 66 1188 66 2.000000000066393
1188 66 1189 66 0.5000000000165983
1189 66 1190 1 5.000000000023874
1190 1 1183 1 3.4000000000133923
1183 1 1191 37 21.077001684428826
1191 37 1192 37 2.0024984395144254
1192 37 1193 37 6.4776538962570065
1193 37 1194 37 2.0024984395179737
1194 37 1191 37 6.477653896327208
1191 37 1195 37 2.2999999999484544
1195 37 1196 37 1.0000000000331966
1196 37 1197 84 5.000000000023874
1197 84 1198 84 1.0000000000331966
1198 84 1195 37 5.000000000023874
1195 37 1203 36 24.447699278320602
1203 36 1106 36 0.7000000000090267
1106 36 1204 16 8.79999999995107
1204 16 1205 16 4.805205510670631
1205 16 1212 16 0.5000000000165983
1212 16 1214 66 9.100000000046293
1214 66 1206 66 6.099999999946704
1206 66 1207 84 22.7191549138275
1207 84 1204 16 9.000000000014552
1204 16 1208 60 7.000714249222457
1208 60 1208 60 0.0
1208 60 1209 60 2.899999999996794
1209 60 1210 60 3.1953090616920656
1210 60 1211 60 1.299999999986312
1211 60 1212 16 3.0000000000995897
1212 16 1211 60 3.0000000000995897
1211 60 1213 60 2.999999999957481
1213 60 1214 66 10.900000000070063
1214 66 1215 66 4.000000000132786
1215 66 1216 1 2.38537208830437
1216 1 1217 1 5.000000000023874
1217 1 25 99 110.60289327134166
25 99 197 6 6.399999999970873
197 6 24 6 3.257299495048023
24 6 1221 26 83.6868567936977
1221 26 1222 65 3.0000000000285354
1222 65 1223 65 5.448853090300525
1223 65 1224 65 0.19999999999242846
1224 65 1225 65 0.3000000000241698
1225 65 1226 65 1.0000000000331966
1226 65 1227 65 0.0
1227 65 1228 65 1.019803902749624
1228 65 1229 65 0.3000000000241698
1229 65 1230 65 0.3999999999848569
1230 65 1231 65 2.0099751242894883
1231 65 1232 65 0.19999999999242846
1232 65 1233 65 1.0198039026102752
1233 65 1223 65 1.0198039026102752
1223 65 1239 45 27.000185184451524
1239 45 1238 45 0.3999999999848569
1238 45 1237 75 5.000000000023874
1237 75 1236 75 0.7000000000090267
1236 75 1235 45 5.000000000023874
1235 45 1234 45 1.4000000000180535
1234 45 1247 45 3.3526109228101335
1247 45 1246 45 1.5999999999394277
1246 45 1245 45 1.0000000000331966
1245 45 1244 45 0.5000000000165983
1244 45 1243 75 5.000000000023874
1243 75 1242 75 0.7999999999697138
1242 75 1241 45 5.000000000023874
1241 45 1240 45 1.299999999986312
1240 45 1247 45 1.0000000000331966
1247 45 1255 45 3.7999999999982492
1255 45 1254 45 1.5999999999394277
1254 45 1253 45 1.0000000000331966
1253 45 1252 45 0.5000000000165983
1252 45 1251 98 5.000000000023874
1251 98 1250 98 0.7999999999697138
1250 98 1249 45 5.000000000023874
1249 45 1248 45 1.299999999986312
1248 45 1255 45 1.0000000000331966
1255 45 1267 98 10.024470060854469
1267 98 1266 98 3.4999999999740794
1266 98 1265 7 11.004090148606968
1265 7 1264 7 4.299999999943793
1264 7 1263 7 1.9999999999242846
1263 7 1262 7 3.299999999981651
1262 7 1261 7 3.0000000000995897
1261 7 1260 7 3.0000000000285354
1260 7 1259 7 1.0049875621482793
1259 7 1258 7 2.999999999957481
1258 7 1257 98 3.0016662039192887
1257 98 1256 98 2.500000000011937
1256 98 1267 98 2.0024984393760428
1267 98 1271 98 3.059411708248872
1271 98 1270 98 2.0024984395179737
1270 98 1269 98 1.0999999999938836
1269 98 1268 98 2.0024984395179737
1268 98 1271 98 1.0999999999938836
1271 98 1275 45 4.0112342240188275
1275 45 1274 98 3.0000000000995897
1274 98 1273 98 1.299999999986312
1273 98 1272 98 3.0000000000995897
1272 98 1275 45 1.299999999986312
1275 45 1279 20 6.699999999995043
1279 20 1278 20 3.0016662040589517
1278 20 1277 20 1.4000000000180535
1277 20 1276 20 3.0016662040613187
1276 20 1279 20 1.3999999999469992
1279 20 1283 7 11.054863183312914
1283 7 1280 7 1.9999999999242846
1280 7 1281 7 2.879236009793217
1281 7 1282 20 1.9999999999242846
1282 20 1283 7 2.879236009793217
1283 7 1287 20 7.045565981609659
1287 20 1286 20 5.000000000023874
1286 20 1285 20 1.0999999999938836
1285 20 1284 20 5.0009999000430785
1284 20 1287 20 1.0000000000331966
1287 20 1291 98 3.0999999999892225
1291 98 1290 98 5.000000000023874
1290 98 1289 98 0.9999999999621423
1289 98 1288 98 5.0009999000430785
1288 98 1291 98 0.9000000000014552
1291 98 1292 45 6.753517601880722
1292 45 1293 20 7.2000000000116415
1293 20 1297 75 22.00022727154841
1297 75 1296 65 5.0009999000430785
1296 65 1295 7 3.399999999942338
1295 7 1294 7 5.000000000023874
1294 7 1297 75 3.299999999981651
1297 75 1305 26 20.74222745991242
1305 26 1304 26 3.7999999999982492
1304 26 1303 26 8.00062497556871
1303 26 1302 26 3.9999999999906777
1302 26 1301 26 1.0049875619998057
1301 26 1300 26 3.299999999981651
1300 26 1299 26 6.000000000057071
1299 26 1298 26 3.0999999999892225
1298 26 1305 26 1.0000000000331966
1305 26 1309 7 14.171802990341176
1309 7 1308 7 2.999999999957481
1308 7 1307 7 2.10000000002708
1307 7 1306 7 2.999999999957481
1306 7 1309 7 2.10000000002708
1309 7 1313 26 14.645477117432009
1313 26 1312 26 3.0000000000995897
1312 26 1311 26 2.099999999956026
1311 26 1310 26 3.0000000000995897
1310 26 1313 26 2.099999999956026
1313 26 1317 50 9.01997782704148
1317 50 1316 50 4.004996878890468
1316 50 1315 50 1.9999999999953388
1315 50 1314 50 3.0016662039192887
1314 50 1317 50 2.147091055404514
1317 50 1321 48 14.821943192571222
1321 48 1320 48 5.0009998999024186
1320 48 1319 48 1.4000000000180535
1319 48 1318 48 4.999999999881766
1318 48 1321 48 1.299999999986312
1321 48 1325 48 4.237924020214714
1325 48 1324 48 3.0000000000995897
1324 48 1323 48 2.1999999999877673
1323 48 1322 48 3.0016662040613187
1322 48 1325 48 2.099999999956026
1325 48 1329 36 17.105846953592287
1329 36 1328 50 5.0009999000430785
1328 50 1327 50 1.299999999986312
1327 50 1326 36 5.0009999000430785
1326 36 1329 36 1.299999999986312
1329 36 1333 50 5.883026432047703
1333 50 1330 50 2.000000000066393
1330 50 1331 50 4.3000000000148475
1331 50 1332 50 2.000000000066393
1332 50 1333 50 4.3000000000148475
1333 50 1337 50 5.0009999000430785
1337 50 1336 48 7.000714249223473
1336 48 1335 48 1.200000000025625
1335 48 1334 50 7.000714249222457
1334 50 1337 50 1.1999999999545707
1337 50 1341 50 2.059126028216066
1341 50 1338 50 2.000000000066393
1338 50 1339 50 2.599999999972624
1339 50 1340 50 2.000000000066393
1340 50 1341 50 2.599999999972624
1341 50 1345 50 4.100000000022419
1345 50 1344 50 3.0016662040613187
1344 50 1343 50 1.5000000000497948
1343 50 1342 50 3.0016662040589517
1342 50 1345 50 1.4999999999787406
1345 50 1349 7 8.13941029802761
1349 7 1348 50 4.0049968788940165
1348 50 1347 50 1.5000000000497948
1347 50 1346 50 4.004996878890468
1346 50 1349 7 1.4999999999787406
1349 7 1353 20 12.000416659404829
1353 20 1352 20 7.999999999981355
1352 20 1351 20 1.600000000010482
1351 20 1350 20 7.999999999981355
1350 20 1353 20 1.600000000010482
1353 20 1357 20 3.4481879299054
1357 20 1356 36 9.000000000014552
1356 36 1355 36 1.4000000000180535
1355 36 1354 20 9.000555538424742
1354 20 1357 20 1.5000000000497948
1357 20 1358 20 3.1048349393404284
1358 20 1359 72 2.879236009743861
1359 72 1361 20 5.491812087087145
1361 20 1360 20 1.9999999999953388
1360 20 1364 72 4.220189569231485
1364 72 1363 72 1.8999999999635975
1363 72 1362 72 3.0016662039192887
1362 72 1368 72 5.0990195136227054
1368 72 1367 72 3.0016662039192887
1367 72 1366 72 0.9999999999621423
1366 72 1365 72 3.001666203916922
1365 72 1368 72 1.0000000000331966
1368 72 1372 72 3.006659275631653
1372 72 1371 36 6.000833275527407
1371 36 1370 36 1.4000000000180535
1370 36 1369 72 6.000833275527407
1369 72 1372 72 1.4000000000180535
1372 72 1376 60 20.3147729498151
1376 60 1375 60 0.999999999891088
1375 60 1374 60 0.9000000000014552
1374 60 1373 60 0.999999999891088
1373 60 1376 60 0.9000000000014552
1376 60 1380 60 3.280243893303482
1380 60 1379 88 10.000499987547979
1379 88 1378 88 1.5620499352222685
1378 88 1377 60 9.000555538424742
1377 60 1380 60 1.1999999999545707
1380 60 1384 88 8.692525524828373
1384 88 1383 88 5.0009999000430785
1383 88 1382 88 1.0000000000331966
1382 88 1381 88 5.000999900044499
1381 88 1384 88 0.9999999999621423
1384 88 1388 60 7.000714249222457
1388 60 1387 88 6.000833275386502
1387 88 1386 88 1.1999999999545707
1386 88 1385 60 6.000833275385318
1385 60 1388 60 1.200000000025625
1388 60 1392 60 3.736308338468374
1392 60 1391 88 7.000714249223473
1391 88 1390 88 1.0999999999938836
1390 88 1389 60 6.999999999948159
1389 60 1392 60 1.200000000025625
1392 60 1396 18 8.73212459825902
1396 18 1395 18 5.000000000023874
1395 18 1394 18 1.200000000025625
1394 18 1393 18 5.000000000023874
1393 18 1396 18 1.200000000025625
1396 18 1400 1 5.015974481622037
1400 1 1399 18 5.000000000023874
1399 18 1398 18 1.299999999986312
1398 18 1397 1 5.000999900044499
1397 1 1400 1 1.1999999999545707
1400 1 1404 18 6.046486583119708
1404 18 1403 18 5.0009999000430785
1403 18 1402 18 1.299999999986312
1402 18 1401 18 5.000999900044499
1401 18 1404 18 1.3000000000573664
1404 18 1408 1 5.015974481622037
1408 1 1407 18 5.0009999000430785
1407 18 1406 18 1.0999999999938836
1406 18 1405 1 5.0009999000430785
1405 1 1408 1 1.0999999999938836
1408 1 1409 66 15.060212481863532
1409 66 1409 66 0.0
1409 66 1413 61 29.04410439311521
1413 61 1412 61 3.0000000000995897
1412 61 1411 61 0.9000000000014552
1411 61 1410 61 3.0000000000995897
1410 61 1413 61 0.9000000000014552
1413 61 1415 61 3.162277660273356
1415 61 1414 61 1.0000000000331966
1414 61 1415 61 1.0000000000331966
1415 61 1419 18 14.035668847658894
1419 18 1418 61 9.000000000014552
1418 61 1417 61 1.0999999999938836
1417 61 1416 18 9.000000000014552
1416 18 1419 18 1.0999999999938836
1419 18 1423 18 5.478138369930802
1423 18 1422 18 4.000000000132786
1422 18 1421 18 0.9000000000014552
1421 18 1420 18 4.000000000132786
1420 18 1423 18 0.9000000000014552
1423 18 1427 1 6.029925372585659
1427 1 1426 18 6.000833275385318
1426 18 1425 18 1.1999999999545707
1425 18 1424 1 5.999999999914962
1424 1 1427 1 1.0999999999938836
1427 1 1431 1 4.3000000000148475
1431 1 1430 18 6.999999999948159
1430 18 1429 18 1.4000000000180535
1429 18 1428 1 7.000714249223473
1428 1 1431 1 1.299999999986312
1431 1 1435 88 21.163411823219622
1435 88 1434 79 6.000833275385318
1434 79 1433 79 1.200000000025625
1433 79 1432 88 6.003332407836211
1432 88 1435 88 1.0999999999938836
1435 88 1439 88 3.4999999999740794
1439 88 1438 79 6.000833275385318
1438 79 1437 79 0.8999999999304009
1437 79 1436 88 5.999999999914962
1436 88 1439 88 0.7999999999697138
1439 88 1443 18 2.899999999996794
1443 18 1442 79 6.000833275386502
1442 79 1441 79 1.1999999999545707
1441 79 1440 18 6.000833275385318
1440 18 1443 18 1.200000000025625
1443 18 1447 18 2.899999999996794
1447 18 1446 61 5.000000000023874
1446 61 1445 61 1.4000000000180535
1445 61 1444 18 5.000000000023874
1444 18 1447 18 1.4000000000180535
1447 18 1451 18 3.0675723300433844
1451 18 1450 61 11.000000000080945
1450 61 1449 61 1.299999999986312
1449 61 1448 18 11.000000000080945
1448 18 1451 18 1.299999999986312
1451 18 1455 61 8.44334057110841
1455 61 1454 61 3.0000000000995897
1454 61 1453 61 1.6401219466950634
1453 61 1452 61 2.0024984395144254
1452 61 1455 61 1.200000000025625
1455 61 1459 79 1.9999999999953388
1459 79 1458 79 2.000000000066393
1458 79 1457 79 1.0000000000331966
1457 79 1456 79 2.000000000066393
1456 79 1459 79 1.0000000000331966
1459 79 1463 79 3.0999999999892225
1463 79 1462 79 2.0024984395179737
1462 79 1461 79 1.100000000064938
1461 79 1460 79 2.0024984395144254
1460 79 1463 79 1.0999999999938836
1463 79 1467 79 3.0999999999892225
1467 79 1466 79 2.000000000066393
1466 79 1465 79 1.0999999999938836
1465 79 1464 79 2.000000000066393
1464 79 1467 79 1.0999999999938836
1467 79 1471 13 10.787029248166348
1471 13 1468 13 1.0000000000331966
1468 13 1469 13 1.9999999999953388
1469 13 1470 13 1.0000000000331966
1470 13 1471 13 1.9999999999953388
1471 13 1475 48 10.239140588980169
1475 48 1474 48 3.9999999999906777
1474 48 1473 13 1.0000000000331966
1473 13 1472 48 3.9999999999906777
1472 48 1475 48 1.0000000000331966
1475 48 1479 88 3.200000000020964
1479 88 1478 13 5.0009999000430785
1478 13 1477 13 1.9999999999953388
1477 13 1476 88 5.0009999000430785
1476 88 1479 88 1.9999999999953388
1479 88 1483 88 2.999999999957481
1483 88 1482 13 6.000833275528591
1482 13 1481 13 1.200000000025625
1481 13 1480 88 6.000000000057071
1480 88 1483 88 1.3000000000573664
1483 88 1487 88 3.201562118767221
1487 88 1486 13 5.0039984011602785
1486 13 1485 79 1.4000000000180535
1485 79 1484 88 5.0039984011602785
1484 88 1487 88 1.4000000000180535
1487 88 1491 79 6.099999999915253
1491 79 1490 79 3.0000000000995897
1490 79 1489 79 1.4000000000180535
1489 79 1488 79 3.0000000000995897
1488 79 1491 79 1.4000000000180535
1491 79 1495 13 2.2999999999484544
1495 13 1494 13 3.9999999999906777
1494 13 1493 13 1.4999999999787406
1493 13 1492 13 3.9999999999906777
1492 13 1495 13 1.4999999999787406
1495 13 1499 13 3.162277660205948
1499 13 1496 13 2.000000000066393
1496 13 1497 13 2.879236009743861
1497 13 1498 13 3.001666203916922
1498 13 1499 13 2.7999999999650527
1499 13 1503 48 6.931089380504382
1503 48 1502 13 7.000000000090267
1502 13 1501 13 2.3000000000195087
1501 13 1500 13 7.000000000090267
1500 13 1503 48 2.3000000000195087
1503 48 1507 48 4.51220566905489
1507 48 1506 49 6.999999999948159
1506 49 1505 49 1.0999999999938836
1505 49 1504 48 6.999999999948159
1504 48 1507 48 1.0999999999938836
1507 48 1511 48 3.0000000000285354
1511 48 1510 49 7.000714249223473
1510 49 1509 49 1.0999999999938836
1509 49 1508 48 7.002856559952603
1508 48 1511 48 1.0000000000331966
1511 48 1515 26 7.433034373652683
1515 26 1514 26 3.006659275631653
1514 26 1513 48 2.7856776554384934
1513 48 1512 48 2.0024984395179737
1512 48 1515 26 2.7000000000043656
1515 26 1519 49 18.248287590928058
1519 49 1518 49 5.0009999000430785
1518 49 1517 49 1.0999999999938836
1517 49 1516 49 5.000000000023874
1516 49 1519 49 1.1999999999545707
1519 49 1523 48 13.031116606037203
1523 48 1522 49 6.999999999948159
1522 49 1521 49 1.1999999999545707
1521 49 1520 48 6.999999999948159
1520 48 1523 48 1.1999999999545707
1523 48 1527 26 3.6400549446927757
1527 26 1526 54 8.000624975569599
1526 54 1525 49 1.1999999999545707
1525 49 1524 26 7.999999999981355
1524 26 1527 26 1.299999999986312
1527 26 1531 26 4.026164427807947
1531 26 1530 54 6.000833275528591
1530 54 1529 54 1.299999999986312
1529 54 1528 26 6.000833275528591
1528 26 1531 26 1.299999999986312
1531 26 1535 54 12.124768038956331
1535 54 1534 54 5.000000000023874
1534 54 1533 54 1.799999999931856
1533 54 1532 54 5.000000000023874
1532 54 1535 54 1.799999999931856
1535 54 1539 54 4.512205669023397
1539 54 1536 54 3.9999999999906777
1536 54 1537 49 7.40000000000407
1537 49 1538 49 3.9999999999906777
1538 49 1539 54 7.40000000000407
1539 54 1543 49 8.89999999998281
1543 49 1540 49 0.999999999891088
1540 49 1541 49 3.0000000000285354
1541 49 1542 49 0.999999999891088
1542 49 1543 49 3.0000000000285354
1543 49 1547 49 6.896375859759285
1547 49 1546 49 2.000000000066393
1546 49 1545 49 2.999999999957481
1545 49 1544 49 2.000000000066393
1544 49 1547 49 2.999999999957481
1547 49 1551 49 3.448187929897158
1551 49 1550 42 4.001249804880274
1550 42 1549 42 5.099999999984561
1549 42 1548 49 4.0012498048820495
1548 49 1551 49 5.100000000055616
1551 49 1555 42 7.746612162784952
1555 42 1554 42 5.0009999000430785
1554 42 1553 42 1.4000000000180535
1553 42 1552 42 5.0009999000430785
1552 42 1555 42 1.4000000000180535
1555 42 1559 49 6.000000000057071
1559 49 1558 42 5.000000000023874
1558 42 1557 42 1.5000000000497948
1557 42 1556 49 5.000000000023874
1556 49 1559 49 1.5000000000497948
1559 49 1563 86 20.500000000094765
1563 86 1560 86 1.0000000000331966
1560 86 1561 86 3.6000000000058208
1561 86 1562 86 1.0000000000331966
1562 86 1563 86 3.6000000000058208
1563 86 1567 86 3.8418745424585232
1567 86 1566 86 3.006659275631653
1566 86 1565 86 0.7000000000090267
1565 86 1564 86 3.006659275631653
1564 86 1567 86 0.7000000000090267
1567 86 1571 14 18.027756377311434
1571 14 1568 14 5.000000000023874
1568 14 1569 42 6.79999999995573
1569 42 1570 42 5.000000000023874
1570 42 1571 14 6.79999999995573
1571 14 1575 42 8.112336284873514
1575 42 1574 86 6.007495318408443
1574 86 1573 86 1.8000000000029104
1573 86 1572 42 6.007495318408443
1572 42 1575 42 1.8000000000029104
1575 42 1579 42 3.7363083384303395
1579 42 1578 86 7.000714249223473
1578 86 1577 86 1.699999999971169
1577 86 1576 42 7.000714249222457
1576 42 1579 42 1.7000000000422233
1579 42 1583 42 4.220189569231485
1583 42 1580 42 2.0024984393760428
1580 42 1581 42 3.7999999999982492
1581 42 1582 42 2.0024984393760428
1582 42 1583 42 3.7999999999982492
1583 42 1587 42 5.2201532544720335
1587 42 1586 25 9.000555538424742
1586 25 1585 25 1.1999999999545707
1585 25 1584 42 9.000555538423951
1584 42 1587 42 1.200000000025625
1587 42 1591 42 2.7000000000043656
1591 42 1590 25 9.000000000014552
1590 25 1589 25 1.299999999986312
1589 25 1588 42 9.000000000014552
1588 42 1591 42 1.299999999986312
1591 42 1595 42 11.180339887552334
1595 42 1582 42 5.000000000023874
1582 42 1594 42 2.999999999957481
1594 42 1593 42 2.7000000000043656
1593 42 1592 42 7.999999999981355
1592 42 1595 42 2.7000000000043656
1595 42 1599 86 21.142611002507167
1599 86 1598 86 4.001249804738209
1598 86 1597 86 1.299999999986312
1597 86 1596 86 4.001249804739985
1596 86 1599 86 1.3000000000573664
1599 86 1603 14 8.015609771060525
1603 14 1602 86 6.000833275528591
1602 86 1601 86 2.3999999999801958
1601 86 1600 14 6.000833275528591
1600 14 1603 14 2.3999999999801958
1603 14 1607 74 13.146862743591038
1607 74 1606 14 8.000624975569599
1606 14 1605 14 3.6000000000058208
1605 14 1604 74 8.000624975569599
1604 74 1607 74 3.6000000000058208
1607 74 1611 74 4.600000000039017
1611 74 1610 14 8.00062497556871
1610 14 1609 14 3.299999999981651
1609 14 1608 74 8.000624975569599
1608 74 1611 74 3.300000000052705
1611 74 1617 14 15.069505632192193
1617 14 1613 14 1.4999999999787406
1613 14 1614 86 11.001818031660848
1614 86 1612 40 5.6885850613381335
1612 40 1615 40 3.0016662039192887
1615 40 1616 55 7.500000000035811
1616 55 1617 14 13.00038460970068
1617 14 1621 30 31.135349684917784
1621 30 1620 30 6.000833275528591
1620 30 1619 30 2.500000000011937
1619 30 1618 30 6.000833275528591
1618 30 1621 30 2.500000000011937
1621 30 1625 55 8.487638069544207
1625 55 1624 30 6.000833275385318
1624 30 1623 30 1.600000000010482
1623 30 1622 55 6.000833275385318
1622 55 1625 55 1.600000000010482
1625 55 1629 55 4.03112887415971
1629 55 1626 55 1.0000000000331966
1626 55 1627 55 4.599999999967963
1627 55 1628 55 1.0049875621482793
1628 55 1629 55 4.499999999936222
1629 55 1633 55 5.000000000009663
1633 55 1632 30 10.001999800087578
1632 30 1631 30 1.299999999986312
1631 30 1630 55 10.000499987547979
1630 55 1633 55 1.4000000000180535
1633 55 1637 55 3.0000000000285354
1637 55 1634 55 1.0000000000331966
1634 55 1635 55 6.899999999987472
1635 55 1636 55 1.0000000000331966
1636 55 1637 55 6.899999999987472
1637 55 1641 55 8.399999999966212
1641 55 1638 55 2.000000000066393
1638 55 1639 25 5.9999999999860165
1639 25 1640 25 2.000000000066393
1640 25 1641 55 5.9999999999860165
1641 55 1645 25 6.399999999970873
1645 25 1642 25 3.0016662040613187
1642 25 1643 25 5.393514624048263
1643 25 1644 25 2.0024984395144254
1644 25 1645 25 5.300000000048044
1645 25 1649 25 5.166236541255457
1649 25 1646 25 1.0000000000331966
1646 25 1647 25 5.300000000048044
1647 25 1648 25 1.0000000000331966
1648 25 1649 25 5.300000000048044
1649 25 1653 42 10.653168542648663
1653 42 1652 25 9.000555538281851
1652 25 1651 25 1.0999999999938836
1651 25 1650 42 8.999999999872443
1650 42 1653 42 1.1999999999545707
1653 42 1657 4 15.234500320009461
1657 4 1656 71 5.003998401302273
1656 71 1655 71 1.0999999999938836
1655 71 1654 95 5.003998401302273
1654 95 1657 4 1.0999999999938836
1657 4 1661 4 3.944616584636358
1661 4 1660 71 8.000624975569599
1660 71 1659 71 1.1999999999545707
1659 71 1658 4 8.00062497556871
1658 4 1661 4 1.200000000025625
1661 4 1665 4 3.0999999999892225
1665 4 1664 71 7.002856559952603
1664 71 1663 71 1.0000000000331966
1663 71 1662 4 7.000714249222457
1662 4 1665 4 0.9000000000014552
1665 4 1669 71 10.007996802604547
1669 71 1668 71 3.9999999999906777
1668 71 1667 71 1.200000000025625
1667 71 1666 71 4.001249804738209
1666 71 1669 71 1.299999999986312
1669 71 1673 71 4.414748010950804
1673 71 1670 71 1.0049875621482793
1670 71 1671 71 4.600000000039017
1671 71 1672 71 1.0000000000331966
1672 71 1673 71 4.500000000007276
1673 71 1677 71 6.020797289312783
1677 71 1674 71 1.0000000000331966
1674 71 1675 33 5.699999999961847
1675 33 1676 33 1.9999999999242846
1676 33 1677 71 5.787054518435715
1677 71 1681 71 3.200000000020964
1681 71 1678 71 1.0000000000331966
1678 71 1679 71 2.10000000002708
1679 71 1680 71 1.0000000000331966
1680 71 1681 71 2.10000000002708
1681 71 1686 71 2.7999999999650527
1686 71 1682 71 1.0000000000331966
1682 71 1683 71 1.9999999999953388
1683 71 1684 71 1.0000000000331966
1684 71 1686 71 1.9999999999953388
1686 71 1688 71 5.119570294351294
1688 71 1687 71 4.999999999881766
1687 71 1686 71 1.0999999999938836
1686 71 1685 71 4.999999999881766
1685 71 1688 71 1.0999999999938836
1688 71 1692 4 10.007996802604547
1692 4 1691 71 7.999999999981355
1691 71 1690 71 0.9999999999621423
1690 71 1689 4 7.999999999981355
1689 4 1692 4 0.9999999999621423
1692 4 1696 81 19.012890364233947
1696 81 1695 4 13.00000000000523
1695 4 1694 4 1.699999999971169
1694 4 1693 81 13.00000000000523
1693 81 1696 81 1.699999999971169
1696 81 1700 81 5.099019513525162
1700 81 1697 81 0.999999999891088
1697 81 1698 81 1.5000000000497948
1698 81 1699 81 0.999999999891088
1699 81 1700 81 1.5000000000497948
1700 81 1704 81 2.40000000005125
1704 81 1703 81 1.9999999999242846
1703 81 1702 81 1.3999999999469992
1702 81 1701 81 2.0024984393760428
1701 81 1704 81 1.4999999999787406
1704 81 1708 4 15.6894869259082
1708 4 1707 4 2.999999999957481
1707 4 1706 4 0.8000000000407681
1706 4 1705 4 2.999999999957481
1705 4 1708 4 0.8000000000407681
1708 4 1712 81 8.009993757780936
1712 81 1711 4 7.999999999981355
1711 4 1710 4 1.4999999999787406
1710 4 1709 81 7.999999999981355
1709 81 1712 81 1.4999999999787406
1712 81 1716 81 5.192301994326726
1716 81 1715 81 3.9999999999906777
1715 81 1714 81 1.8000000000029104
1714 81 1713 81 3.9999999999906777
1713 81 1716 81 1.8000000000029104
1716 81 1720 81 3.1999999999499096
1720 81 1719 81 6.000000000057071
1719 81 1718 81 1.9000000000346517
1718 81 1717 81 6.000000000057071
1717 81 1720 81 1.9000000000346517
1720 81 1726 81 8.005623023832449
1726 81 1722 4 6.000833275528591
1722 4 1721 4 1.3000000000573664
1721 4 1725 4 2.0024984393760428
1725 4 1724 4 2.800000000036107
1724 4 1723 81 8.000624975569599
1723 81 1726 81 1.600000000010482
1726 81 1728 95 10.15332457869141
1728 95 1727 4 8.800000000022123
1727 4 1732 4 4.900000000063187
1732 4 1729 4 2.000000000066393
1729 4 1730 95 3.1999999999499096
1730 95 1731 95 1.0049875621482793
1731 95 1732 4 3.4481879299054
1732 4 1736 95 4.9030602688205
1736 95 1735 95 5.000999900044499
1735 95 1734 95 0.9000000000014552
1734 95 1733 95 5.000999900044499
1733 95 1736 95 0.9000000000014552
1736 95 1740 95 6.040695324132163
1740 95 1739 95 3.9999999999906777
1739 95 1738 95 1.299999999986312
1738 95 1737 95 3.9999999999906777
1737 95 1740 95 1.299999999986312
1740 95 1744 95 13.001538370521118
1744 95 1743 33 6.999999999948159
1743 33 1742 33 1.8000000000029104
1742 33 1741 95 6.999999999948159
1741 95 1744 95 1.8000000000029104
1744 95 1748 33 10.000499987406588
1748 33 1745 33 1.0000000000331966
1745 33 1746 33 7.100000000050954
1746 33 1747 33 1.9999999999242846
1747 33 1748 33 7.170076708132607
1748 33 1750 33 11.672617529941878
1750 33 1749 33 1.0000000000331966
1749 33 1750 33 1.0000000000331966
1750 33 1754 33 7.717512552654445
1754 33 1753 33 3.001666203916922
1753 33 1752 33 2.3999999999801958
1752 33 1751 33 3.0016662039192887
1751 33 1754 33 2.40000000005125
1754 33 1758 95 5.314132102258017
1758 95 1757 33 3.001666203916922
1757 33 1756 33 2.7000000000043656
1756 33 1755 95 3.006659275631653
1755 95 1758 95 2.800000000036107
1758 95 1762 95 5.281098370640552
1762 95 1761 95 2.999999999957481
1761 95 1760 95 2.500000000011937
1760 95 1759 57 2.999999999957481
1759 57 1762 95 2.500000000011937
1762 95 1766 95 6.425729530494517
1766 95 1765 95 4.001249804739985
1765 95 1764 95 3.299999999981651
1764 95 1763 57 3.9999999999906777
1763 57 1766 95 3.4000000000133923
1766 95 1770 81 11.130588484068701
1770 81 1767 81 6.000000000057071
1767 81 1768 57 12.800000000012801
1768 57 1769 61 6.000000000057071
1769 61 1770 81 12.800000000012801
1770 81 1772 57 14.065560777957169
1772 57 1771 57 5.0009999000430785
1771 57 1772 57 5.0009999000430785
1772 57 1780 57 7.467261881112875
1780 57 1779 57 1.0000000000331966
1779 57 1778 57 0.7000000000090267
1778 57 1777 33 12.00041665940542
1777 33 1776 33 0.9000000000014552
1776 33 1775 57 5.000000000023874
1775 57 1774 57 2.0099751242894883
1774 57 1773 57 5.999999999914962
1773 57 1780 57 1.699999999971169
1780 57 1784 51 26.076809620820665
1784 51 1781 51 1.600000000010482
1781 51 1782 51 7.000714249223473
1782 51 1783 51 1.5999999999394277
1783 51 1784 51 7.000714249222457
1784 51 1793 51 9.940321926376457
1793 51 1792 51 5.590169943795233
1792 51 1791 51 2.000000000066393
1791 51 1789 51 3.6000000000058208
1789 51 1787 51 1.004987562141209
1787 51 1788 51 1.9999999999953388
1788 51 1790 51 1.0000000000331966
1790 51 1793 51 1.0000000000331966
1793 51 1797 51 8.00062497556871
1797 51 1796 51 5.000000000023874
1796 51 1786 51 1.8000000000029104
1786 51 1785 51 1.0000000000331966
1785 51 1795 51 2.500000000011937
1795 51 1794 51 3.9999999999906777
1794 51 1797 51 4.3000000000148475
1797 51 1801 9 12.299999999973673
1801 9 1800 9 4.001249804739985
1800 9 1799 9 3.299999999981651
1799 9 1798 51 4.001249804739985
1798 51 1801 9 3.299999999981651
1801 9 1805 51 4.899999999992133
1805 51 1802 9 3.0016662039192887
1802 9 1803 85 5.200000000016303
1803 85 1804 51 1.9999999999242846
1804 51 1805 51 5.19711458406575
1805 51 1806 51 9.178779875330227
1806 51 1807 51 5.000999900044499
1807 51 1811 24 123.22828409095841
1811 24 1808 24 1.9999999999242846
1808 24 1809 45 7.56637297516145
1809 45 1810 45 1.0000000000331966
1810 45 1811 24 7.499999999964757
1811 24 1815 24 5.38516480715494
1815 24 1814 24 5.999999999914962
1814 24 1813 75 5.29999999997699
1813 75 1812 75 5.999999999914962
1812 75 1815 24 5.29999999997699
1815 24 1819 24 3.700000000037562
1819 24 1818 24 5.999999999914962
1818 24 1817 24 1.0999999999938836
1817 24 1816 24 6.000833275385318
1816 24 1819 24 1.0000000000331966
1819 24 1823 24 5.000999900044499
1823 24 1822 24 5.000000000023874
1822 24 1821 24 1.1999999999545707
1821 24 1820 24 5.000000000023874
1820 24 1823 24 1.1999999999545707
1823 24 1827 98 16.825278600898617
1827 98 1826 98 2.0024984395144254
1826 98 1825 98 1.299999999986312
1825 98 1824 98 1.0000000000331966
1824 98 1827 98 1.5620499352222685
1827 98 1831 75 4.2201895691624545
1831 75 1828 75 1.004987562141209
1828 75 1829 75 2.800000000036107
1829 75 1830 75 1.0049875621482793
1830 75 1831 75 2.7999999999650527
1831 75 1835 75 1.6401219467513828
1835 75 1834 75 2.0024984393724945
1834 75 1833 75 0.7000000000090267
1833 75 1832 75 2.0024984393724945
1832 75 1835 75 0.7000000000090267
1835 75 1839 75 2.000000000066393
1839 75 1836 75 1.0049875621482793
1836 75 1837 75 3.2572994949804004
1837 75 1838 75 1.0049875619998057
1838 75 1839 75 3.2572994950043954
1839 75 1843 7 20.637102509807512
1843 7 1842 26 7.000000000090267
1842 26 1841 26 3.200000000020964
1841 26 1840 7 7.000000000090267
1840 7 1843 7 3.200000000020964
1843 7 1847 54 31.825147289561702
1847 54 1846 74 7.000714249222457
1846 74 1845 74 1.4999999999787406
1845 74 1844 54 7.002856559952603
1844 54 1847 54 1.600000000010482
1847 54 1851 54 2.6925824035246926
1851 54 1850 74 8.015609770923126
1850 74 1849 74 1.8999999999635975
1849 74 1848 54 8.009993757780936
1848 54 1851 54 1.799999999931856
1851 54 1855 74 3.1000000000602768
1855 74 1854 74 8.002499609478196
1854 74 1853 74 1.5000000000497948
1853 74 1852 74 8.002499609478196
1852 74 1855 74 1.5000000000497948
1855 74 1859 74 3.6055512754654395
1859 74 1858 74 6.003332407836211
1858 74 1857 74 1.8000000000029104
1857 74 1856 74 6.003332407836211
1856 74 1859 74 1.8000000000029104
1859 74 1867 97 147.03482580672616
1867 97 1868 38 4.899999999992133
1868 38 1869 73 8.000624975711697
1869 73 1870 73 1.4142135623195562
1870 73 1871 73 4.099999999951365
1871 73 1867 97 9.000555538423951
1867 97 1872 92 32.11790777747892
1872 92 1873 92 5.000000000023874
1873 92 1874 92 2.6999999999333113
1874 92 1875 92 0.999999999891088
1875 92 1876 92 2.2000000000588216
1876 92 1877 92 5.999999999914962
1877 92 1872 92 4.899999999992133
1872 92 1878 19 15.929846201388317
1878 19 1879 19 6.003332407978241
1879 19 1880 43 5.197114584038407
1880 43 1881 19 6.003332407836211
1881 19 1882 19 0.7000000000090267
1882 19 1883 19 1.0000000000331966
1883 19 1878 19 4.399999999975535
1878 19 1884 10 68.3195433239808
1884 10 1885 10 4.399999999975535
1885 10 1886 10 6.000000000057071
1886 10 1887 10 4.800000000031446
1887 10 1889 10 5.000000000023874
1889 10 1888 10 0.4000000000559112
1888 10 1884 10 1.0000000000331966
1884 10 1890 10 10.816653826396319
1890 10 1891 68 5.400000000008731
1891 68 1892 68 2.999999999957481
1892 68 1893 10 5.400000000008731
1893 10 1890 10 2.999999999957481
1890 10 1894 44 16.51090548704025
1894 44 1895 44 3.0000000000285354
1895 44 1896 44 2.0024984393724945
1896 44 1897 44 3.0999999999892225
1897 44 1898 44 1.0000000000331966
1898 44 1899 44 1.9000000000346517
1899 44 1900 44 4.004996878890468
1900 44 1901 44 6.378871373542089
1901 44 1902 44 1.0000000000331966
1902 44 1903 44 1.9999999999953388
1903 44 1894 44 1.0000000000331966
1894 44 1912 76 110.6527902947617
1912 76 1913 22 13.001538370521118
1913 22 1914 22 3.6000000000058208
1914 22 1915 76 13.001538370521118
1915 76 1912 76 3.6000000000058208
1912 76 1916 86 82.43791603378033
1916 86 1917 55 7.999999999981355
1917 55 1918 25 7.40000000000407
1918 25 1920 86 4.004996878890468
1920 86 1919 86 3.9999999999906777
1919 86 1916 86 7.5999999999964984
1916 86 1921 18 63.781188449307045
1921 18 1922 61 13.00000000000523
1922 61 1923 61 4.600000000039017
1923 61 1924 18 12.000416659404829
1924 18 1921 18 4.805205510700205
1921 18 1925 2 178.00011235959764
1925 2 1926 2 1.019803902749624
1926 2 40 2 7.04556598146847
40 2 1925 2 8.02246844803234
1925 2 1927 2 7.523961722362228
1927 2 1928 2 3.0149626862892944
1928 2 1929 35 13.00038460970068
1929 35 1930 35 3.699999999966508
1930 35 1931 35 2.000000000066393
1931 35 1932 35 3.257299495048023
1932 35 1933 2 11.999999999972033
1933 2 1934 2 7.11969100449053
1934 2 1927 2 6.229767250801396
1927 2 1942 84 218.01798090982209
1942 84 1105 84 1.004987562141209
1105 84 1941 84 4.001249804738209
1941 84 1943 37 8.76584280034763
1943 37 1944 37 2.500000000011937
1944 37 1945 66 1.9999999999242846
1945 66 1946 66 2.500000000011937
1946 66 1943 37 1.9999999999242846
1943 37 1947 37 2.0024984395144254
1947 37 1948 37 2.599999999972624
1948 37 1949 37 2.000000000066393
1949 37 1950 37 2.599999999972624
1950 37 1947 37 2.000000000066393
1947 37 1951 37 3.944616584647166
1951 37 1952 37 2.2000000000588216
1952 37 1953 37 2.000000000066393
1953 37 1954 37 2.2000000000588216
1954 37 1951 37 2.000000000066393
1951 37 1955 66 3.059411708109523
1955 66 1956 66 3.6000000000058208
1956 66 1957 37 2.999999999957481
1957 37 1958 37 3.6000000000058208
1958 37 1955 66 2.999999999957481
1955 66 1959 37 7.826237921191304
1959 37 1960 37 7.170076708062248
1960 37 1961 37 0.7000000000090267
1961 37 1962 66 7.002856560094653
1962 66 1963 66 8.199999999973784
1963 66 1959 37 8.002499609478196
1959 37 1964 37 1.0440306507732642
1964 37 1965 37 0.5000000000165983
1965 37 1966 37 1.3453624046273909
1966 37 1967 37 3.9293765408482892
1967 37 1968 37 1.299999999986312
1968 37 1969 37 1.1180339887870097
1969 37 1970 37 0.3000000000241698
1970 37 1971 66 5.0009999000430785
1971 66 1972 66 0.0
1972 66 1973 66 1.077032961452099
1973 66 1974 66 0.5999999999772854
1974 66 1975 66 5.5000000000404725
1975 66 1976 66 1.2806248474935724
1976 66 1977 66 0.3000000000241698
1977 66 1964 37 6.003332407978241
1964 37 1978 37 1.077032961478488
1978 37 1979 37 1.2806248474935724
1979 37 1980 37 1.200000000025625
1980 37 1981 37 3.4999999999740794
1981 37 1982 37 1.2806248474935724
1982 37 1983 37 1.0440306509297967
1983 37 1984 37 1.0000000000331966
1984 37 1985 66 3.0016662039192887
1985 66 1986 66 0.19999999999242846
1986 66 1987 66 5.800000000064642
1987 66 1988 66 0.6999999999379725
1988 66 1989 66 1.019803902763559
1989 66 1978 37 4.0049968788940165
1978 37 782 89 171.0018713347819
782 89 163 11 3.0016662039192887
163 11 1990 34 16.00124995113831
1990 34 94 89 3.7999999999982492
94 89 167 96 40.21243588745745
167 96 1992 96 7.0114192572724985
1992 96 1085 56 5.999999999914962
1085 56 1991 96 6.029925372585659
1991 96 1992 96 0.5999999999772854
1992 96 1993 32 29.049784852870122
1993 32 1999 93 48.342631289609436
1999 93 2000 93 1.3453624047330193
2000 93 3 21 8.030566605147754
3 21 2001 21 1.118033988659904
2001 21 2012 28 137.2276939978398
2012 28 2011 27 12.369316876850004
2011 27 2013 63 51.63874514350717
2013 63 2014 63 1.0000000000331966
2014 63 2015 63 1.0000000000331966
2015 63 2016 63 1.0000000000331966
2016 63 2013 63 1.0000000000331966
2013 63 2017 63 2.4999999999693046
2017 63 2018 63 1.9999999999242846
2018 63 2019 63 0.9999999999621423
2019 63 2017 63 2.236067977415137
2017 63 2020 63 6.000833275527407
2020 63 2021 63 1.0000000000331966
2021 63 2020 63 1.0000000000331966
2020 63 2022 63 1.8027756377327198
2022 63 2023 63 1.0000000000331966
2023 63 2024 63 0.9999999999621423
2024 63 2025 63 1.0049875621482793
2025 63 2022 63 1.0999999999938836
2022 63 2026 63 9.219544457306082
2026 63 2027 63 2.0024984395179737
2027 63 2026 63 2.0024984395179737
2026 63 2028 63 10.000499987405876
2028 63 2029 63 1.9999999999242846
2029 63 2028 63 1.9999999999242846
2028 63 2030 63 4.609772228599092
2030 63 2031 63 2.599999999972624
2031 63 2032 63 1.0000000000331966
2032 63 2033 63 4.001249804738209
2033 63 2034 63 1.0000000000331966
2034 63 2035 63 2.6000000000436785
2035 63 2030 63 6.000833275528591
2030 63 2036 63 0.19999999999242846
2036 63 2037 63 6.000833275527407
2037 63 2038 63 2.2999999999484544
2038 63 2039 63 6.000833275528591
2039 63 2036 63 2.3000000000195087
2036 63 2040 63 2.507987240828018
2040 63 2041 63 3.001666203916922
2041 63 2042 63 1.4000000000180535
2042 63 2043 63 2.999999999957481
2043 63 2040 63 1.3000000000573664
2040 63 2053 83 39.00320499652869
2053 83 2054 83 0.0
2054 83 2055 11 1.004987562141209
2055 11 2056 11 0.3000000000241698
2056 11 2057 11 1.0440306509297967
2057 11 2058 11 0.3999999999848569
2058 11 2059 11 0.3999999999848569
2059 11 2060 11 1.077032961452099
2060 11 2061 11 0.3000000000241698
2061 11 2062 11 0.3000000000241698
2062 11 2044 11 1.0000000000331966
2044 11 2047 11 0.0
2047 11 2048 83 1.019803902749624
2048 83 2049 83 0.3000000000241698
2049 83 2050 83 1.0770329613201546
2050 83 2051 83 0.4000000000559112
2051 83 2052 83 1.0770329613201546
2052 83 2045 83 0.29999999995311555
2045 83 2046 83 0.3000000000241698
2046 83 2053 83 1.019803902749624
2053 83 2067 11 4.103656905730191
2067 11 2066 11 1.200000000025625
2066 11 2065 11 0.0
2065 11 2090 11 0.5000000000165983
2090 11 2072 11 0.499999999945544
2072 11 2071 11 0.0
2071 11 2064 11 0.9000000000014552
2064 11 2063 11 0.999999999891088
2063 11 64 11 2.9000000000678483
64 11 65 83 3.9999999999906777
65 83 900 83 3.0000000000285354
900 83 2083 83 0.0
2083 83 2095 83 0.5000000000165983
2095 83 2082 83 0.19999999999242846
2082 83 901 83 1.0000000000331966
901 83 2085 83 0.5000000000165983
2085 83 2081 83 0.3999999999848569
2081 83 2079 83 0.7999999999697138
2079 83 2076 83 2.6000000000436785
2076 83 2075 83 0.29999999995311555
2075 83 2067 11 6.425729530469084
2067 11 2066 11 1.200000000025625
2066 11 2065 11 0.0
2065 11 2073 11 0.999999999891088
2073 11 2074 83 5.315072906343239
2074 83 2075 83 1.0000000000331966
2075 83 2076 83 0.29999999995311555
2076 83 2077 83 1.0000000000331966
2077 83 2078 83 2.6000000000436785
2078 83 2079 83 1.0000000000331966
2079 83 2076 83 2.6000000000436785
2076 83 2078 83 2.785677655489508
2078 83 2080 83 0.7999999999697138
2080 83 2081 83 1.0000000000331966
2081 83 2079 83 0.7999999999697138
2079 83 2078 83 1.0000000000331966
2078 83 2084 83 1.699999999971169
2084 83 2082 83 0.0
2082 83 901 83 1.0000000000331966
901 83 2085 83 0.5000000000165983
2085 83 2086 83 1.0000000000331966
2086 83 2084 83 0.5000000000165983
2084 83 2072 11 5.0009998999024186
2072 11 2087 11 0.10000000003174137
2087 11 2088 11 0.999999999891088
2088 11 2089 11 0.5999999999772854
2089 11 2090 11 0.999999999891088
2090 11 2072 11 0.499999999945544
2072 11 2091 11 1.2206555614893226
2091 11 2092 11 0.0
2092 11 2093 11 0.499999999945544
2093 11 2094 11 0.0
2094 11 2091 11 0.499999999945544
2091 11 900 83 4.001249804739985
900 83 2083 83 0.0
2083 83 2095 83 0.5000000000165983
2095 83 2096 83 0.0
2096 83 2097 83 0.5000000000165983
2097 83 900 83 0.0
900 83 2063 11 4.001249804738209
2063 11 2091 11 0.19999999999242846
2091 11 2094 11 0.499999999945544
2094 11 2093 11 0.0
2093 11 2088 11 0.10000000003174137
2088 11 2089 11 0.5999999999772854
2089 11 2098 11 1.0000000000331966
2098 11 2099 83 2.000000000066393
2099 83 2095 83 2.69072480936041
2095 83 2096 83 0.0
2096 83 2100 83 0.0
2100 83 2101 83 1.699999999971169
2101 83 2102 83 2.0024984393760428
2102 83 2103 11 1.8027756377327198
2103 11 2104 83 2.000000000066393
2104 83 2105 83 0.8999999999304009
2105 83 2106 11 2.000000000066393
2106 11 2103 11 0.8999999999304009
2103 11 2107 11 2.416609194721515
2107 11 2108 83 4.001249804739985
2108 83 2109 83 1.7000000000422233
2109 83 2110 11 3.9999999999906777
2110 11 2107 11 1.600000000010482
2107 11 2111 3 151.1357336964888
2111 3 2112 74 10.000499987405876
2112 74 826 74 2.500000000011937
826 74 823 74 5.60000000000116
823 74 824 93 19.004210059940807
824 93 2113 93 0.19999999999242846
2113 93 2114 93 1.1661903790223964
2114 93 2115 93 1.0770329613201546
2115 93 2116 40 7.002856560094653
2116 40 2117 40 3.0999999999892225
2117 40 2118 55 8.199999999973784
2118 55 2119 14 17.000294115098924
2119 14 2120 14 3.0999999999892225
2120 14 2121 54 22.00363606317961
2121 54 2122 3 17.199999999988336
2122 3 2123 3 1.0440306509297967
2123 3 2111 3 0.3999999999848569
