2352
2021
40
3287
551
2010
3043
3127
3286
1355
3129
1358
1356
2851
2047
550
1357
3301
1359
1118
3088
1041
3128
1116
1354
3044
-1
744
922
2201
743
1913
917
3283
2184
961
2019
3288
612
734
2798
1912
1914
738
876
877
2020
733
936
25
3289
1233
2799
-1
2818
1954
2819
798
690
1934
742
480
2801
1276
1955
1286
868
873
1927
1926
1431
2057
3299
3300
174
1933
298
350
132
314
-1
289
973
624
1995
903
635
1157
989
966
1437
1003
634
3148
227
1993
1438
2089
3331
1436
623
322
1086
198
1435
2505
967
-1
1427
1526
1439
1428
76
3121
3114
696
1380
3264
1626
2897
964
1532
688
1360
1488
340
1385
2300
49
2305
277
2242
3120
520
59
605
3125
2370
1903
1440
1361
1015
3126
3228
1384
272
695
2169
1672
484
2108
483
1671
2168
195
2228
432
2335
2381
2126
-1
2986
430
1423
1155
1424
1142
2282
2380
1152
2658
1562
2324
2816
1113
3219
1527
1622
2960
2659
2817
749
186
3101
338
1144
337
-1
2855
2153
2417
3017
2866
1042
202
1278
1682
3018
379
2263
3019
1683
2262
2154
1279
3210
567
2320
2040
1090
1045
585
307
170
3118
-1
2774
355
3296
159
1083
874
875
1011
2361
2773
137
627
713
3236
267
2936
339
629
2298
3297
2581
1530
2000
2873
74
701
1896
1025
1569
2053
2459
1877
2006
2677
2772
2083
1081
2991
1131
1010
560
667
384
2606
1965
899
1960
2904
2746
2797
1088
1337
3014
563
2001
710
1648
1315
2054
643
3184
2241
3077
2049
2024
2934
222
1650
1223
896
270
2037
3216
2676
1741
204
2002
1961
2224
1368
919
2876
628
2349
668
18
3013
1338
2961
238
52
67
1044
2913
1624
1483
2691
2604
99
1905
2093
2299
2342
1026
1150
269
1589
1570
2935
1597
2082
2084
1392
1906
1910
488
2679
930
997
2007
2237
3030
3268
171
2092
2390
1240
1885
1792
2997
2023
3067
2022
1030
194
3235
2631
579
1210
1085
3267
1486
2905
2033
1629
1962
1649
1899
1211
714
2687
3302
1489
2878
1072
3330
2467
992
354
1529
1038
487
1886
661
1130
1156
1181
993
1911
3214
2982
593
1878
2348
618
2225
3304
2605
1742
781
2607
2446
158
949
2853
2678
1339
2281
2937
1029
2661
1779
1897
2667
3002
1097
1154
3012
931
953
1082
621
3066
1985
2297
2690
1901
1391
2360
-1
671
2471
2573
2219
2235
1464
3185
433
133
2060
3317
305
978
1555
1347
2767
1158
2912
1021
613
2088
2646
2782
1630
1845
2351
77
2535
2829
2062
1374
2323
1317
2814
1373
1844
1349
2815
91
3303
1188
3028
1602
498
2246
2842
9
828
1631
1750
2245
1930
3230
2243
15
662
2350
1032
1422
536
1605
2391
1289
3029
631
3100
1843
2613
2647
2765
1759
2276
2536
1076
1318
2612
93
213
3328
1660
304
1186
2171
540
258
2644
1471
1563
2220
727
1704
438
442
2582
3
1556
1216
2608
1304
977
380
382
2100
2081
2392
1564
303
207
2115
2837
2393
1309
102
1022
1761
869
2170
115
2087
2610
2780
1576
260
1830
2632
2383
2234
669
1213
110
622
2781
2114
2575
2384
44
2588
1831
2322
2177
448
2181
2233
1409
1410
878
1749
2735
707
1766
3093
1661
2143
2572
2346
1482
1267
2061
2645
3316
328
2764
1095
827
2140
192
976
2576
2080
447
807
1372
1249
3308
2763
728
1215
107
777
485
1319
1290
1350
436
979
2144
320
2634
2611
614
2713
473
3220
1375
3078
291
1348
2291
2109
1105
1543
92
2439
146
731
3086
362
808
130
-1
2415
500
300
3083
1031
3173
2901
353
2139
1182
2071
2453
619
3082
1364
1513
422
720
2744
2073
2377
3295
2374
1434
302
829
501
1470
598
408
637
2513
497
3087
3096
319
3226
3324
1255
189
2113
630
3095
3140
1701
502
1519
835
2211
2244
150
555
2052
3085
1187
361
2070
2858
417
2506
1748
2086
1487
2378
2488
176
2131
2130
3034
2041
3313
482
821
901
814
620
226
2221
3172
119
1028
2473
2111
2091
1876
1747
655
895
559
2072
2485
443
1012
1541
3209
3322
180
1517
940
1365
220
1875
2452
1579
1858
1497
424
66
1197
1518
1511
1104
730
496
2379
1345
2
2700
1559
3309
3084
3007
2085
1178
118
706
813
2745
117
184
172
748
523
3307
929
17
407
1202
2443
2444
136
1199
3094
2486
3298
1196
2232
665
3305
2589
2942
1166
1005
2112
2843
1496
666
3294
223
830
2743
955
554
732
691
2507
898
811
2742
1490
1200
423
1184
14
2701
2706
341
35
389
2090
3035
351
212
1370
778
1581
2069
301
954
1201
2718
3036
3134
2741
1834
2078
1198
1520
920
2510
26
568
2860
857
3008
1580
421
2511
-1
1743
2836
1702
2454
1224
2985
1239
2451
3151
1703
1585
2318
3149
2943
2319
2639
2953
3150
1509
1508
2463
2958
1586
2353
2464
2145
-1
2833
1867
134
60
1866
2827
2336
2157
2826
1549
1884
1698
1550
2684
2828
1590
1506
2682
2683
2382
537
1887
3201
1868
2966
2189
-1
2674
2888
2975
2338
1674
2142
2869
1850
2497
1485
1406
2737
1679
2736
2965
1254
2597
2865
2739
556
2738
2503
2412
2416
1484
2641
2414
1839
597
2285
1098
2014
3227
2640
2029
127
1051
1588
2973
2971
2141
2885
2740
1587
2158
1052
2413
2013
276
256
2600
452
-1
2792
2165
872
2830
2516
2156
1458
251
228
2173
2005
1838
1837
2508
474
57
1676
826
3154
1835
387
1684
56
2786
1429
3068
1827
6
2172
1938
2824
2313
1992
3069
3133
149
817
1459
2822
1832
1191
2630
2770
846
1836
1245
1991
1990
2571
2825
2333
1189
-1
2205
1823
2440
2209
932
61
2185
1925
2004
1678
812
274
199
2509
217
3207
2547
1725
173
1677
183
2101
603
1363
196
2180
-1
2845
2206
1456
683
717
2813
2590
1430
2978
486
2635
2977
1280
2779
2609
1362
2636
1455
2832
729
644
2806
664
2579
2925
2914
682
-1
802
1164
3270
1054
82
2871
283
1621
1864
1817
2697
1115
1536
1460
164
1163
863
1632
557
1951
2955
3238
2857
1516
3182
2757
539
3248
1696
2150
3197
1495
1266
2924
1805
850
188
1192
1979
3240
1943
2964
1865
279
97
1994
3188
100
3225
1557
1612
1079
3234
2987
2944
2316
1822
2870
2048
190
285
2236
1292
2146
2250
1091
1784
1681
604
3186
1528
427
2698
2556
2555
1788
2460
2921
2890
2867
1717
1848
2696
86
2103
167
1942
1627
818
1601
1662
104
247
2880
1697
535
233
1816
589
1789
1140
58
2884
3187
1138
1610
842
3249
2347
2856
2945
241
182
1611
1804
852
1084
1190
282
1694
566
3312
141
570
51
203
2852
3211
2665
571
112
541
2110
37
1869
286
54
3147
1719
2981
1194
580
3246
2147
1537
62
1078
1067
1734
1262
833
592
558
63
3250
1958
2695
90
1787
739
257
1769
574
1525
3071
1929
280
64
128
2003
2271
1718
534
1593
1114
1917
1312
1323
281
1695
1826
3251
458
1160
2269
2956
2286
1793
2974
2017
1786
1724
65
2868
36
865
924
3132
3277
1720
1053
3016
1068
178
740
1753
3155
1594
2493
-1
200
640
476
806
1812
2312
1935
1758
588
2030
2957
2918
2719
3332
702
2621
1847
2375
3115
625
3212
947
3321
2666
1959
866
1524
3335
1794
3253
245
2404
1176
1978
1469
3102
511
1162
71
246
2919
2498
1004
1161
1141
244
2711
1596
1117
32
1411
2756
349
2187
2680
2494
3252
2627
1047
2038
2620
2900
465
193
3027
1035
2512
375
1234
1148
1006
1313
737
1798
1273
862
1024
2750
33
1272
243
1390
3266
1976
581
1132
1534
1468
1398
506
1937
225
626
1023
145
685
3026
642
475
2753
2951
3329
2403
3073
39
2675
2917
1092
1399
1180
3334
1208
904
948
1036
3206
5
2902
2601
2203
466
2916
2532
1009
819
641
1977
905
1898
639
2927
495
1048
218
312
120
3333
858
879
3099
240
822
1302
887
1037
1421
1265
1952
893
1735
2952
121
376
10
999
1303
1953
894
1089
3265
1763
891
1007
782
264
2749
880
3081
721
2754
1574
3259
3079
330
2290
1573
3271
820
2344
2531
2331
1420
1820
1389
2343
3117
1179
263
1736
1846
1243
735
2755
1982
249
2301
761
2949
1264
1523
73
801
1244
2899
686
1205
2962
1895
587
-1
946
1171
114
1298
2310
2705
3260
601
2502
1950
1475
81
268
1833
94
2063
1936
1033
1383
2240
1762
890
1956
1546
1481
3074
2151
1539
96
800
2461
3323
1821
1972
2442
2903
1521
1305
2202
1013
429
262
1121
1713
938
2850
1797
2434
1106
2999
1343
532
1016
3262
1727
1433
428
1340
2229
845
1100
101
2524
385
841
3274
1316
1034
3000
292
1606
1175
2311
1686
2487
939
1246
201
3273
767
308
2376
1139
2433
937
1136
3042
2194
1558
1712
2889
2039
242
2012
1970
599
519
2941
1480
1250
3202
1852
533
419
1120
3116
1369
1609
1957
2015
998
1147
3048
1173
2389
1796
2388
2849
1306
1969
3011
3053
1853
1474
3097
265
3058
3257
797
1251
1087
3122
3072
2979
1851
2011
2879
3047
2496
3306
3098
1540
95
275
111
1297
2028
2008
187
2339
987
1417
1387
3237
799
2197
109
3040
2495
1165
1388
859
3275
2283
3256
1419
1473
2176
55
2969
1657
3205
2152
3261
1134
2898
3089
416
1647
518
600
1247
1721
1726
1545
855
113
2479
1538
3272
1342
1123
1522
2462
1625
80
445
3142
762
2704
1341
1656
1159
1971
941
444
1135
2193
-1
861
70
703
3110
1122
2050
769
2162
577
2337
1730
1168
2332
2124
2546
2728
3279
2409
1133
2288
1119
836
2031
3281
3179
2032
2293
900
2732
235
1002
3178
2920
1790
1308
2430
402
2018
2482
944
1281
3123
1294
1785
2519
2167
2928
2268
950
1177
1112
41
970
1722
293
2642
3245
1907
2294
2183
3041
503
1745
2466
2727
1253
945
434
377
909
2166
163
1760
2591
1900
3080
2724
2566
2164
431
2163
3327
1301
1744
906
2329
776
124
2720
1685
1778
315
1230
651
3037
1904
3311
116
3194
1773
647
1260
409
561
88
3109
2160
2470
3090
2396
736
565
106
2356
2369
1261
3061
374
1296
544
2097
2521
3038
2394
397
1890
1
2976
2395
2292
1065
2106
1552
1575
2710
2520
463
652
969
2565
3263
923
105
575
2530
2712
513
2596
1809
594
1111
1293
1467
1000
2210
2104
2929
573
460
704
2357
2107
1295
1774
3326
1321
2132
1772
470
1731
2161
1723
2267
3193
1167
3032
2355
72
1001
837
935
2289
2714
103
1553
211
1110
514
512
2809
572
1412
16
3318
2930
2810
2117
654
1014
1653
261
1791
181
853
494
2159
1080
168
175
-1
489
2074
2517
1418
2872
2595
2543
2098
1407
2874
2548
3070
1964
1829
333
2699
3278
697
3224
698
468
2563
2326
2726
1507
234
3005
2308
388
646
3163
2715
1027
1755
2877
2273
2321
334
2883
2365
185
2287
844
839
43
1535
1124
2998
1997
2518
699
1218
1949
675
848
1828
716
499
2328
840
2303
1888
1149
1984
1870
708
412
2385
451
3231
3189
2896
578
1675
1063
2304
3215
84
1746
921
2429
1996
994
741
2386
413
1921
2931
2717
3208
2075
1815
2309
3164
435
1099
2875
1811
239
2302
825
1754
2585
2544
3190
3156
2892
1963
1902
2993
2721
1542
2270
843
1874
13
2420
1728
2660
2725
3159
824
2465
1941
348
1652
2564
2387
2574
2064
2411
507
2886
1916
2251
823
1740
418
3280
1814
467
370
2272
3165
3124
2275
125
911
1628
420
2295
2296
2707
1924
38
3162
2274
2397
3062
584
897
2099
372
1813
2525
847
1491
3292
2540
3158
2864
645
2077
2859
126
2614
3191
3242
346
371
345
910
1732
2362
464
1551
1282
700
1129
326
324
347
2689
1922
2367
2893
396
838
2410
1544
3006
335
2284
2709
1729
2315
3157
2051
684
-1
723
1452
1381
832
1476
2577
2542
2425
325
831
1462
2559
2400
290
681
1478
2560
2586
1477
2541
2223
1463
2424
2578
2545
1461
-1
2910
673
3199
1441
1658
2373
2908
2449
2562
1335
2561
2435
2915
2909
2436
2911
1659
1442
1336
653
3198
2990
1548
2341
1547
1673
-1
1945
2474
1781
1425
1708
2838
1493
689
1332
1492
2469
1709
2182
1451
648
725
1334
1333
1944
2247
2432
2839
3024
3022
1780
1494
-1
709
2340
3290
1207
607
3291
1806
1807
21
815
1818
1619
1635
606
1616
1618
1825
1636
2733
816
1819
693
1617
3015
3319
1824
-1
3168
988
1366
2583
1126
2789
886
344
323
1055
441
3223
1928
1931
3285
2227
248
1988
509
446
591
306
1046
586
364
3337
3241
3167
1663
363
3203
1946
378
366
1620
885
2207
2972
309
367
2372
1939
2476
1268
386
2989
2105
521
569
1664
358
3222
2368
22
1050
3169
2653
357
1269
851
1367
2314
208
2854
3204
2584
1049
3033
2784
462
2992
2257
2118
1932
2970
1232
2192
3284
2580
459
638
871
1923
3060
1799
854
1231
3218
2788
508
1989
75
2906
590
1775
2881
918
2102
564
3229
2317
870
365
810
2652
-1
2793
1395
1403
505
356
2266
1414
1404
663
479
692
1920
1271
1919
166
490
2260
504
1394
1400
19
1413
491
46
1328
229
-1
2252
30
369
1019
925
3244
1751
888
867
2042
2747
1018
2253
2940
2036
2834
2841
210
31
343
161
2939
342
318
2472
4
-1
1320
400
2923
1782
252
162
3025
1288
3269
1700
1287
1284
3213
1608
1800
1185
1183
1561
2922
1285
1783
253
1299
2844
1801
2468
-1
3338
968
649
1291
3340
657
650
415
1277
3339
2702
2703
294
984
1258
317
982
983
295
450
658
1283
297
1274
1607
2079
-1
3233
3119
373
403
2437
1770
1465
608
2026
2995
2537
2438
3200
404
2994
2027
611
1221
209
1690
336
1505
2125
609
1771
610
-1
1325
1040
493
883
1331
884
1172
98
2625
1329
2009
1039
1401
1330
1466
889
1008
492
2626
1326
1346
3320
3325
1324
1256
747
-1
2044
774
2035
951
3064
3063
980
455
2034
2629
1060
981
3065
1062
3310
29
2664
2043
722
24
3336
456
1069
2628
2045
34
-1
793
1219
1776
2708
1064
449
596
89
783
3183
784
2821
1043
1777
1802
792
794
296
3003
1765
2277
3282
1220
1764
2820
1803
-1
1077
1767
1604
47
2617
542
2406
1560
2694
3004
2216
2155
3076
157
1169
1217
3161
2669
3315
12
1571
454
2655
1795
1195
2693
440
780
53
549
1499
2068
352
2654
332
510
2445
2649
1669
477
2239
1860
42
680
2567
1891
154
1893
2491
1248
1566
1688
2490
1415
2480
1975
3176
2768
2638
1225
2138
2946
3232
453
1453
2615
2593
765
1416
1768
2120
2618
2408
687
2791
952
751
1909
2066
2217
78
764
2067
1454
2198
2426
1096
2657
2602
331
1193
2963
2421
122
1382
1859
3092
972
1591
2823
1879
2231
139
1311
1974
3180
1472
2557
2663
1967
2558
2967
2648
915
383
1892
548
2407
469
914
381
1861
2670
2477
1908
715
530
2499
177
2668
545
2218
1999
711
2258
2422
531
1687
142
1592
478
543
439
2354
2065
2137
2016
1307
2950
763
359
50
676
2947
2794
546
2948
750
2748
2330
2427
2662
1310
1300
2366
1873
2603
1973
1572
1966
1691
2723
152
786
3160
129
1689
2787
770
85
1894
3144
2259
148
2481
752
2671
2716
2199
2238
2405
2933
2633
965
169
3075
528
2672
1968
2722
679
2592
3314
2656
437
2932
2568
1670
2025
-1
2419
2128
677
1714
576
2538
1756
804
3217
1615
1510
131
678
2127
1443
1948
254
2327
1498
2484
1212
1710
1849
2213
912
1637
2681
2688
788
527
552
2619
2129
2643
135
2761
108
2938
2570
1881
2954
772
278
2534
3009
2751
3111
3001
1646
796
2624
1514
805
1840
1716
2983
943
1651
834
1073
1983
2483
219
1707
284
2785
2533
2418
785
2598
1432
1613
2119
1645
2800
1600
7
1915
3112
1757
1871
1479
2450
1128
1257
3131
1863
123
1599
3139
803
1872
368
975
1174
1446
3091
1402
3052
221
524
1862
515
2226
2264
232
1808
773
1568
1614
1623
1638
1855
787
1711
236
1981
913
2622
2771
3174
1854
3195
1947
2230
1444
2895
3152
3166
1448
1810
1445
2984
1880
1125
2265
1504
3196
726
1940
3243
525
2539
69
2212
231
928
2214
327
1918
956
2248
791
3023
3108
2046
694
461
2623
1314
1889
2256
1127
957
2673
1639
771
2959
20
1882
3175
1386
401
2637
1170
2249
3192
2762
3171
1322
1699
2334
3138
2996
3113
1598
237
2894
83
795
3039
760
1515
1057
3137
2215
1715
259
1980
1447
2752
255
1841
942
287
3010
1206
1883
1842
-1
2133
617
775
582
1270
1739
2278
191
215
1998
395
1642
632
1666
1226
1377
2730
1145
2475
2846
3051
2651
1644
595
2402
718
755
3255
2769
1146
2279
779
1093
2123
2729
553
562
1641
1692
2148
1733
1633
538
902
1252
3106
766
1668
583
927
2200
705
3247
2448
529
1227
2280
2968
471
147
28
881
394
758
1693
615
27
3293
2195
2134
933
2805
756
151
155
1554
674
1533
2808
2840
2359
1665
1376
1500
2254
2190
48
745
23
1578
882
547
1108
2863
2650
2186
1101
759
1634
1603
1017
3057
2095
8
140
1344
3177
719
672
2594
2055
1259
1103
426
1143
1107
2734
1236
1102
636
2174
522
2401
2847
1263
2136
2478
1238
411
892
2135
2306
2795
712
1582
916
299
1229
2447
1738
2358
2191
926
656
1020
2686
1643
1214
2196
2831
425
746
1583
2121
2807
1242
1237
1595
1153
87
3181
754
2796
472
1058
313
3153
602
1094
2431
2371
1327
1565
1737
2122
616
1241
1109
1228
2685
2307
768
1059
1577
2094
2175
2731
2804
2056
3254
990
3107
2149
266
316
3143
2428
2848
1640
1584
2783
991
971
633
1667
3258
1235
138
753
-1
1567
1680
1275
3145
224
2569
2325
414
2399
2398
410
1654
2616
2790
230
1655
2255
216
2261
3130
2504
1071
2802
670
1070
1066
-1
1426
2514
3054
2515
144
271
3045
3055
849
2500
3046
3059
11
1204
1203
329
481
2522
321
2523
2501
3056
2552
1393
2907
2551
-1
206
2178
958
974
2179
959
790
1450
310
311
1396
2599
1449
963
724
2775
288
1397
789
160
2776
153
516
962
960
934
-1
1378
197
2550
2458
1503
2457
1706
1531
1405
2456
2492
2549
392
2988
2455
1512
1061
3031
2441
2059
1379
457
399
526
1502
2760
-1
2554
3221
2489
856
2811
2423
2980
517
2777
2812
757
1075
1074
68
2759
3146
205
2778
2553
860
2188
179
1705
809
1209
2529
-1
985
1352
2058
1222
996
2692
3020
1371
660
995
2758
986
864
3049
391
3050
2076
143
393
390
214
3021
1501
659
3135
1353
-1
1137
3170
3136
1457
1056
1151
1857
1856
2363
2345
2882
2926
2096
1408
2526
2364
2887
406
405
2861
2527
2528
360
3141
2862
2891
-1
907
165
2803
908
3104
2208
2204
79
273
2766
3276
3239
1986
2835
1987
1752
2587
3105
2222
250
398
45
3103
156
1351
2116
-1