109 459
17 793
793 138
138 3610
3610 3611
3611 2275
2275 806
806 4091
4091 44
16 807
807 141
141 463
19 809
809 20
20 21
21 22
22 23
23 24
24 269
269 25
25 26
26 27
27 28
28 29
29 30
30 31
31 32
32 33
33 34
34 35
35 36
36 37
37 38
38 1604
1604 39
39 281
281 282
282 279
279 280
280 277
277 278
278 276
276 275
275 274
274 273
273 272
272 270
270 1954
1954 271
271 268
268 267
267 40
40 19
41 2213
45 769
769 776
776 295
295 429
429 294
294 782
782 788
788 790
790 3291
3291 17
17 139
139 3085
43 573
573 4004
4004 42
54 567
77 664
664 56
56 435
129 80
73 118
1127 1361
1361 69
69 445
445 467
467 129
129 105
116 68
74 436
436 70
70 110
110 1422
1422 1421
1421 453
73 121
72 464
464 1316
1316 1303
1303 59
59 117
117 109
65 105
66 85
85 128
99 62
62 114
114 81
80 64
64 102
59 79
91 538
538 82
82 537
537 123
65 103
103 127
127 93
93 104
104 75
75 97
97 68
68 111
111 102
102 82
82 60
60 96
96 107
115 73
444 120
100 71
1255 1408
1408 72
72 18
117 457
113 122
122 115
115 87
87 101
101 66
66 113
125 90
90 58
58 63
63 110
3086 140
140 16
134 133
144 3978
3978 3980
3980 3981
3981 714
714 145
145 2958
2958 146
146 149
149 147
147 148
148 3814
3814 150
150 3815
3815 151
151 144
202 3575
3575 3574
3574 3398
261 260
169 168
243 244
265 264
159 160
155 156
156 157
181 3402
3402 174
174 171
211 3507
3507 3532
3532 243
243 3456
3456 3491
3491 3501
3501 261
261 263
229 3396
3396 3397
3397 245
166 167
167 162
162 161
161 164
263 262
262 3417
161 160
160 156
156 153
153 154
154 157
197 3468
3468 3455
3455 183
183 3478
3478 180
180 184
184 3406
3406 194
194 3407
3407 206
208 3513
3513 207
207 3475
3475 197
197 3393
3393 199
199 3405
3405 3394
3394 3392
3392 3979
3979 201
201 202
202 181
201 208
208 229
229 244
244 245
245 3500
3500 3564
3564 3567
3567 260
260 264
170 166
166 165
165 163
163 164
164 159
159 158
158 155
155 152
213 205
205 3541
3541 204
204 212
212 3540
3540 213
173 3280
3280 3281
3281 172
172 3282
3282 3283
3283 3284
3284 187
187 3285
3285 3286
3286 3287
3287 3288
3288 189
189 191
191 193
193 196
196 200
200 3391
3391 198
198 195
195 3529
3529 192
192 190
190 188
188 186
186 185
185 182
182 178
178 3528
3528 177
177 176
176 3530
3530 175
175 173
246 247
247 3488
3488 259
259 258
258 254
254 255
255 256
256 3533
3533 257
257 252
252 253
253 249
249 3535
3535 248
248 251
251 250
250 246
215 216
216 220
220 227
227 232
232 235
235 3510
3510 236
236 233
233 234
234 3512
3512 228
228 226
226 219
219 218
218 222
222 221
221 209
209 210
210 224
224 223
223 3542
3542 230
230 231
231 240
240 239
239 3531
3531 225
225 217
217 214
214 215
237 3538
3538 238
238 242
242 3539
3539 241
241 237
291 292
292 290
290 289
289 286
286 284
284 283
283 285
285 288
288 287
287 3457
3457 3582
3582 3523
3523 3583
3583 3458
3458 291
3590 169
169 170
170 43
43 804
804 803
803 735
735 3395
3395 301
301 779
779 429
429 440
440 780
330 335
335 341
341 348
348 352
352 356
356 358
358 359
359 362
362 363
363 361
369 367
367 366
366 364
364 353
342 55
55 346
331 339
339 350
354 345
345 336
336 332
332 2
371 368
368 365
365 354
353 347
347 340
340 337
337 333
333 329
365 360
360 357
357 355
355 351
351 349
349 343
343 334
334 328
10 403
403 401
401 398
398 390
390 386
386 381
381 376
376 374
374 373
373 375
375 378
378 385
385 389
389 393
393 394
394 396
399 397
397 395
395 392
392 387
387 383
383 380
380 377
377 379
379 382
382 384
384 388
388 391
391 400
400 402
402 404
404 10
9 7
7 3886
3886 344
344 338
338 6
6 574
574 5
5 4
4 581
581 3
3 152
152 580
580 552
552 42
42 553
553 575
575 800
800 799
799 433
433 576
576 554
554 766
766 45
45 46
46 765
765 434
434 1107
1107 47
47 48
48 559
559 74
74 49
49 577
577 71
71 578
578 50
50 51
51 432
432 579
579 550
550 431
431 430
372 406
9 350
350 331
409 407
407 410
410 408
408 409
411 412
412 416
416 414
414 419
419 421
421 413
413 415
415 418
418 420
420 422
422 417
417 411
425 427
427 423
423 424
424 428
428 426
426 425
10 2276
2276 44
545 546
546 48
459 447
453 88
18 446
446 458
451 17
431 521
521 448
448 460
452 1436
1436 442
121 454
17 16
105 61
61 98
98 124
124 89
89 116
116 83
83 92
92 64
64 84
84 112
112 126
126 78
78 86
86 441
441 130
130 95
95 94
94 67
67 82
455 58
58 106
106 62
16 451
451 3292
3292 296
296 440
440 297
297 46
446 86
458 464
464 1323
88 118
454 63
63 119
119 99
99 49
50 437
437 11
11 439
439 12
12 90
90 450
450 462
462 511
447 520
520 107
107 530
530 430
452 1106
1106 142
142 805
805 451
18 1110
1110 1113
1113 69
69 456
459 457
457 79
79 458
458 18
443 445
445 3990
3990 3992
3992 444
444 446
446 2238
2238 447
447 448
448 3003
3003 449
449 450
450 455
455 454
454 453
453 2185
2185 452
463 88
88 121
121 128
128 508
508 462
462 461
467 477
477 466
469 474
474 466
466 473
473 468
468 470
470 476
476 475
475 471
471 469
469 472
472 65
474 475
473 476
477 478
478 663
663 472
120 76
76 112
80 120
484 483
481 484
484 485
485 482
480 485
798 3087
3087 796
796 794
794 143
143 807
807 805
805 3293
3293 792
792 789
789 785
785 781
781 298
298 780
780 299
299 778
778 775
775 767
767 765
492 491
491 495
495 496
496 493
493 494
494 497
497 498
498 499
499 492
500 503
503 502
502 501
501 500
134 135
133 505
505 506
506 504
514 513
450 508
508 510
510 2212
2212 764
761 3973
516 763
763 517
518 519
522 523
525 524
526 525
513 512
512 511
511 510
525 527
527 528
94 520
520 521
512 461
3973 2214
2214 515
515 513
513 509
509 507
507 449
461 449
449 125
125 13
13 14
14 438
438 15
15 51
461 507
507 532
532 531
531 41
41 529
529 460
460 459
536 535
52 533
533 53
430 549
549 534
534 91
91 123
123 539
539 52
542 555
555 556
556 548
548 547
547 551
551 543
543 542
561 562
563 566
557 558
564 565
546 1104
571 3876
3876 570
570 569
569 81
81 100
100 108
43 4000
4000 4003
4003 44
44 4008
4008 4006
4006 3986
552 4005
4005 572
572 43
406 8
8 370
370 9
540 541
582 583
583 665
665 664
664 584
584 666
666 585
585 582
586 587
587 588
588 589
589 590
590 591
591 592
592 593
593 594
594 595
595 596
596 597
597 586
598 599
599 600
600 601
601 602
602 603
603 604
604 605
605 606
606 607
607 608
608 609
609 598
610 611
611 612
612 613
613 614
614 615
615 616
616 617
617 618
618 619
619 620
620 621
621 610
622 623
623 624
624 625
625 626
626 627
627 628
628 629
629 630
630 631
631 632
632 633
634 635
635 636
636 637
637 638
638 639
639 640
640 634
641 642
642 643
643 644
644 645
645 646
646 647
647 648
648 649
649 650
650 641
651 652
652 653
653 654
654 651
655 656
656 657
657 658
658 655
659 660
660 661
661 662
662 659
667 668
668 669
669 670
670 671
671 672
672 673
673 674
674 675
675 676
676 677
677 678
678 679
679 680
680 667
681 682
682 683
683 684
684 685
685 686
686 687
687 688
688 681
689 690
690 691
691 692
692 693
693 694
694 695
695 696
696 689
697 698
698 699
699 700
700 701
701 702
702 703
703 704
704 697
706 705
705 708
708 707
707 706
3977 710
710 711
711 712
712 713
713 714
714 3981
3981 3977
715 716
716 717
717 718
718 715
719 720
720 3817
3817 3818
3818 719
721 722
722 723
723 724
724 3819
3819 3820
3820 721
725 726
726 727
727 728
728 3821
3821 3822
3822 725
729 730
730 3823
3823 3824
3824 731
731 732
732 729
733 734
734 3825
3825 3826
3826 733
735 755
755 753
753 749
749 745
745 739
739 736
736 740
740 737
737 738
738 739
740 741
741 742
742 743
738 744
745 746
746 747
747 748
749 750
750 751
751 752
753 754
755 756
757 758
758 759
759 760
760 757
764 762
762 135
761 763
763 504
786 788
203 3408
3408 3399
3399 3289
3289 784
773 776
782 783
790 791
769 771
804 806
800 801
801 804
804 802
802 799
766 768
768 770
770 771
771 772
772 773
773 774
774 777
777 300
300 779
779 293
293 783
783 784
784 786
786 787
787 791
791 3290
3290 793
793 3602
3602 3603
3603 795
795 3618
3618 797
797 3084
813 814
814 812
812 811
811 813
810 808
808 20
20 809
809 810
815 816
816 817
817 818
818 819
819 820
820 821
821 815
822 823
823 824
824 825
825 826
826 827
827 828
828 829
829 830
830 831
831 832
832 833
833 822
834 835
835 836
836 837
837 834
838 839
839 840
840 841
841 842
842 843
843 844
844 845
845 838
846 847
847 848
848 849
849 850
850 851
851 852
852 846
853 854
854 855
855 856
856 857
857 858
858 859
859 853
860 861
861 862
862 863
863 864
864 865
865 866
866 860
867 868
868 869
869 870
870 871
871 872
872 873
873 874
874 867
875 876
876 877
877 878
878 879
879 880
880 881
881 882
882 883
883 884
884 885
885 886
886 875
887 888
888 889
889 890
890 887
891 892
892 893
893 894
894 895
895 896
896 897
897 898
898 899
899 891
900 901
901 902
902 903
903 904
904 905
905 906
906 907
907 908
908 909
909 910
910 911
911 912
912 913
913 914
914 915
915 916
916 917
917 918
918 919
919 920
920 921
921 922
922 923
923 924
924 925
925 900
926 927
927 928
928 929
929 926
930 931
931 932
932 933
933 930
934 935
935 936
936 937
937 938
938 939
939 940
940 941
941 942
942 943
943 944
944 945
945 934
946 947
947 948
948 949
949 946
950 951
951 952
952 953
953 950
954 955
955 956
956 957
957 958
958 959
959 960
960 961
961 962
962 963
963 964
964 965
965 954
966 967
967 968
968 969
969 970
970 971
971 972
972 973
973 974
974 975
975 976
976 977
977 966
978 979
979 980
980 981
981 978
982 983
983 984
984 985
985 986
986 987
987 988
988 989
989 990
990 991
991 992
992 993
993 982
994 995
995 996
996 997
997 998
998 3764
3764 999
999 1000
1000 1001
1001 994
1003 1004
1004 1005
1005 1006
1006 1003
1007 1008
1008 1009
1009 1010
1010 1007
1011 1012
1012 1013
1013 1014
1014 1011
1015 1016
1016 1017
1017 1018
1018 1015
1019 1020
1020 1021
1021 1022
1022 1023
1023 1024
1024 1019
1025 1026
1026 1027
1027 1028
1028 1025
1032 1033
1033 1034
1034 1035
1035 1036
1036 1037
1037 1032
1047 1048
1048 1050
1050 1049
1041 1046
1046 1040
1040 1045
1045 1043
1043 1042
1042 1044
1044 1039
1039 1041
1051 1052
1052 1053
1053 1054
1054 1051
1055 1056
1056 1057
1057 1058
1058 1055
1059 1060
1060 1061
1061 1062
1062 1059
1063 1092
1092 1091
1091 1064
1064 1085
1085 1088
1088 1065
1065 1066
1066 1063
1067 1068
1068 1069
1069 1070
1070 1087
1087 1086
1086 1067
1071 1089
1089 1090
1090 1072
1072 1073
1073 1074
1074 1075
1075 1076
1076 1077
1077 1078
1078 1079
1079 1080
1080 1071
1081 1082
1082 1083
1083 1084
1084 1081
1085 1086
1086 1087
1087 1088
1088 1085
1089 1090
1090 1091
1091 1092
1092 1089
1093 1094
1094 1095
1095 1096
1096 1097
1097 1069
1069 1070
1070 1066
1066 1098
1098 1099
1099 1100
1100 1356
1356 1093
1104 1103
1103 544
1106 2194
2194 1107
1117 1118
1119 1120
1120 1121
1121 1122
1122 1119
1123 1124
1124 1125
1125 1126
1126 1123
1127 1128
1130 1132
1132 1133
1134 1148
1148 1135
1135 1136
1136 1134
1128 1129
1129 1130
1130 1131
1131 1128
1137 1138
1138 1139
1139 1140
1140 1137
1141 1142
1142 1143
1143 1144
1144 1159
1159 1145
1145 1146
1146 1135
1135 1149
1149 1150
1150 1147
1147 1141
1119 1120
1120 1149
1149 1150
1150 1119
1151 1152
1152 1153
1153 1154
1154 1151
1155 1156
1156 1157
1157 1158
1158 1155
1132 1159
1159 1160
1160 1161
1162 1163
1163 1164
1164 1165
1165 1278
1278 1166
1161 1162
1112 1
1 1167
1167 1168
1168 1169
1169 1170
1171 1172
1172 1173
1173 1174
1174 1175
1175 1171
1176 1177
1177 1178
1178 1179
1179 1180
1180 1181
1181 1182
1182 1176
1183 1184
1184 1185
1185 1186
1187 1188
1188 1189
1189 1190
1190 1198
1198 1191
1191 1192
1193 1203
1203 1194
1195 1208
1208 1196
1191 1192
1192 1197
1197 1198
1198 1191
1199 1200
1200 1201
1201 1202
1202 1199
1203 1204
1204 1205
1205 1194
1194 1203
1196 1206
1206 1207
1207 1208
1208 1196
1209 1210
1210 1211
1211 1212
1212 1213
1213 1214
1214 1215
1215 1216
1216 1209
1192 1217
1217 1218
1225 1226
1226 1227
1227 1228
1228 1229
1229 1230
1230 1220
1220 1231
1231 1232
1232 1233
1233 1234
1234 1235
1235 1236
1236 1237
1237 1221
1221 1239
1239 1222
1222 1238
1238 1223
1223 1224
1224 1225
1030 1031
1031 1029
1029 1222
1222 1030
1240 1241
1241 1242
1242 1243
1243 1240
1244 1245
1245 1246
1246 1247
1247 1248
1248 1249
1249 1244
1251 1252
1252 1253
1253 1254
1254 1251
1255 136
136 1256
1256 57
57 1257
1258 1141
1259 1260
1260 1261
1261 1262
1262 1263
1263 1264
1264 1265
1265 1259
1266 1276
1276 1267
1267 1268
1268 1269
1269 1270
1270 1271
1271 1272
1272 1273
1273 1407
1269 1274
1276 1277
1277 1
1 1278
1278 1279
1280 1281
1281 1282
1282 1283
1283 1280
1284 1285
1285 1286
1286 1287
1287 1284
1289 1290
1290 1291
1291 1292
1292 1293
1293 1294
1294 1295
1295 1296
1296 1297
1297 1298
1298 1299
1299 1300
1300 1301
1301 1302
1302 1289
1303 1304
1304 1305
1305 1306
1306 1307
1307 1308
1308 1309
1309 1310
1310 1311
1311 1312
1312 1313
1313 1314
1314 1315
1314 1331
1331 1310
1316 1317
1317 1318
1318 1319
1319 1320
1320 1321
1321 1322
1322 1324
1324 1323
1324 1325
1325 1326
1326 1327
1327 1328
1328 1329
1329 1330
1331 1332
1332 1333
1333 1334
1334 1335
1335 1304
1337 1338
1338 1339
1339 1340
1340 1341
1341 1342
1342 1343
1343 1344
1344 1345
1346 1347
1347 1348
1348 1349
1349 1346
1350 1353
1353 1352
1352 1351
1353 1354
1354 1355
1356 1357
1357 1358
1358 1359
1359 1360
1360 1361
1359 1362
1362 1363
1363 1364
1357 1365
1365 1366
1366 1367
1367 1368
1368 1369
1355 57
57 1370
1370 1371
1371 1372
1372 1373
1373 1374
1374 1375
1375 1274
1274 1376
1376 1377
1377 1378
1378 136
136 1379
1380 1381
1381 1382
1382 1383
1383 1380
1384 1385
1385 1386
1386 1387
1387 1388
1388 1389
1389 1384
1390 1391
1391 1392
1392 1393
1393 1394
1394 1395
1395 1390
1396 1397
1397 1398
1398 1399
1399 1400
1400 1401
1401 1402
1402 1403
1403 1404
1404 1405
1405 1406
1408 137
137 1396
1396 1406
1406 1266
1266 1112
1112 1166
1166 1111
1111 1113
1407 1378
1273 137
137 1409
1411 1412
1412 1413
1413 1414
1414 1411
1417 1419
1419 1416
1416 1415
1419 1420
1420 1421
1422 1423
1423 1424
1424 1425
1425 1417
1415 1418
1418 1417
1420 1423
1424 1426
1426 1427
1427 1425
1426 1428
1428 1429
1429 1430
1430 1431
1431 1427
442 1432
1432 1433
1433 1434
1434 1435
1435 1436
1432 1438
1438 1437
1438 1445
1445 1439
1433 1441
1441 1440
1441 1442
1443 1442
1442 1444
1442 1445
1450 1449
1449 1448
1448 1447
1447 1446
1450 1451
1451 1452
1452 1453
1468 1469
1469 1470
1470 1471
1471 1472
1472 1454
1454 1455
1455 1456
1456 1457
1457 1462
1462 1463
1463 1464
1464 1465
1465 1466
1466 1467
1467 1458
1458 1459
1459 1460
1460 1461
1461 1468
1453 1454
1473 1474
1474 1475
1475 1476
1476 2291
2291 1473
1473 2300
2300 1477
1477 1478
1478 1479
1479 1480
1480 1481
1481 1482
1482 1782
1782 1483
1483 1484
1484 1485
1485 1486
1486 1487
1487 1488
1488 1489
1489 1490
1490 1491
1491 1492
1492 1493
1493 1494
1494 1495
1495 1496
1450 1497
1497 1498
1498 1499
1499 1500
1500 1501
1501 1502
1502 1503
1503 1504
1484 1505
1505 1506
1506 1507
1507 1508
1508 1509
1509 1510
1510 1511
1511 1504
1504 1512
1512 1513
1513 1514
1514 1515
1515 1516
1516 1517
1517 1518
1518 1519
1519 1520
1520 1521
1521 1522
1522 1523
1523 1524
1524 1525
1525 1526
1526 1527
1527 1528
1528 1529
1496 1530
1530 1531
1531 1532
1532 1533
1533 1534
1534 1535
1535 1536
1536 1537
1537 1538
1538 1539
1539 1540
1540 1541
1541 1542
1542 1543
1543 1544
1544 1545
1545 1546
1546 1547
1547 1548
1548 1549
1549 1550
1550 1551
1551 1552
1552 1553
1553 1554
1554 1555
1555 1726
1726 1556
1556 1557
1557 1558
1558 1559
1559 1560
1560 1561
1561 1562
1562 1563
1563 1564
1564 1565
1565 1566
1566 1567
1567 1568
1568 1569
1569 1570
1570 1571
1571 1572
1572 1573
1573 1574
1518 1575
1575 1576
1576 1577
1577 1578
1578 2304
2304 1579
1579 1580
1580 1581
1581 1582
1582 1583
1583 1584
1584 1585
1585 1586
1586 1587
1587 1588
1588 1540
1526 1589
1589 1590
1590 1591
1591 1592
1592 1593
1593 1461
1473 1594
1594 1595
1595 1596
1596 1597
1597 1496
1598 1599
1599 1600
1600 1601
1601 1602
1602 1603
1603 38
38 1604
1604 1605
1605 1606
1606 1607
1607 1608
1608 1609
1609 1610
1610 1611
1611 1612
1612 1598
1613 1614
1614 1615
1615 1616
1616 1613
1466 1617
1617 1618
1618 1619
1619 1620
1620 1621
1621 1622
1622 1623
1623 1624
1624 1625
1529 1626
1626 1627
1627 1628
1628 1625
1625 1629
1629 1630
1630 1631
1631 1632
1632 1633
1633 1744
1744 1634
1634 1635
1635 1636
1636 1637
1637 1638
1638 1639
1639 1640
1640 1641
1641 1642
1642 1643
1643 1644
1644 1645
1645 1769
1769 1646
1646 1647
1647 1574
1648 1649
1649 3762
3762 1650
1650 3761
3761 1651
1651 1652
1652 1653
1653 1654
1654 1655
1655 1656
1656 1657
1657 1658
1658 1659
1659 3763
3763 1660
1660 1661
1661 1662
1662 1663
1663 1664
1664 1665
1665 1666
1666 1667
1667 1668
1668 1669
1669 1670
1670 1725
1725 1671
1671 1672
1672 1673
1673 3753
3753 3752
3752 3746
3746 3745
3745 3744
3744 3743
3743 3750
3750 3749
3749 3748
3748 3747
3747 3751
3751 1685
1685 1686
1686 1687
1687 3738
3738 1688
1688 1689
1689 1690
1690 1691
1691 1692
1692 3740
3740 3731
3731 3739
3739 1693
1693 3729
3729 3742
3742 3730
3730 3741
3741 1648
1694 1695
1695 3757
3757 1696
1696 3758
3758 1697
1697 1698
1698 1699
1699 1700
1700 1701
1701 3759
3759 1702
1702 3760
3760 1703
1703 1704
1704 1705
1705 1706
1706 1707
1707 1708
1708 1709
1709 1710
1710 1711
1711 1712
1712 1713
1713 1714
1714 1715
1715 1716
1716 1717
1717 1718
1718 1719
1719 1720
1720 3755
3755 3754
3754 1721
1721 1722
1722 1723
1723 3756
3756 1724
1724 1694
1684 3735
3737 3736
1726 1727
1727 1728
1728 1729
1729 1730
1730 1731
1731 1732
1732 1733
1733 1734
1734 1735
1735 1736
1736 1737
1737 1738
1738 1739
1739 1740
1740 1741
1741 1742
1742 1548
1529 1684
1684 1683
1683 1682
1682 1681
1681 1680
1680 1679
1679 1678
1678 1677
1677 1676
1676 1675
1675 1674
1674 1743
1743 1739
1744 1745
1745 1746
1746 1747
1747 1748
1748 1749
1749 1750
1750 1751
1751 1752
1752 1753
1753 1754
1768 1755
1755 1756
1756 1757
1757 1758
1758 1759
1759 1760
1760 1761
1761 1762
1762 1763
1763 1732
1764 1770
1770 1765
1765 1768
1768 1766
1766 1767
1767 1754
1754 1764
1526 1771
1771 1772
1772 1773
1773 1774
1774 1679
1450 1775
1775 1776
1776 1777
1777 1778
1778 1779
1779 1780
1780 1781
1781 1782
1783 1784
1784 1785
1785 1786
1786 1783
1787 1788
1788 1789
1789 1790
1790 1787
1791 1792
1792 1793
1793 1794
1794 1791
1795 1796
1796 1797
1797 1798
1798 1795
1800 1806
1806 1859
1859 1861
1861 1811
1811 1801
1800 1820
1820 1967
1967 1822
1822 1824
1824 1826
1826 1802
1806 1821
1821 1823
1823 1825
1825 1827
1827 1807
1807 1808
1808 1809
1809 1810
1811 1828
1828 1830
1830 1832
1832 1834
1834 1812
1812 1813
1813 1814
1814 1815
1801 1829
1829 1831
1831 1833
1833 1835
1835 1816
1816 1817
1817 1818
1818 1874
1874 1819
1805 1810
1810 1855
1855 1815
1815 1819
1819 1805
1820 1821
1822 1823
1824 1825
1826 1827
1828 1829
1830 1831
1832 1833
1834 1835
1812 1816
1813 1817
1814 1818
1802 1807
1803 1808
1804 1809
1802 1803
1803 1804
1804 1862
1862 1867
1867 1805
1851 1858
1858 1852
1852 1853
1853 1857
1857 1854
1854 1836
1836 1837
1837 1838
1838 1860
1860 1839
1839 1845
1845 1846
1846 1847
1847 1848
1848 1849
1849 1850
1850 1840
1840 1856
1856 1841
1841 1842
1842 1843
1843 1844
1844 1851
1855 1856
1827 1857
1834 1845
1807 1858
1847 1812
1836 1859
1860 1861
1859 1799
1862 1863
1863 1864
1864 1865
1865 2000
2000 1866
1867 1868
1868 1869
1869 1870
1870 1866
1865 1870
1819 1871
1871 1872
1872 1873
1874 1875
1875 1876
1876 1877
1877 1873
1870 1878
1878 1879
1879 1880
1880 1881
1881 1882
1882 1883
1883 1884
1884 1885
1885 1886
1886 1873
1866 1887
1887 1888
1888 1889
1889 1881
1883 1890
1890 1891
1891 1892
1892 1894
1894 1893
1893 1877
1873 1894
1894 1895
1895 1896
1896 1897
1897 1898
1898 3710
1907 1908
1908 1909
1909 1910
1910 1911
1911 1912
1912 1913
1913 1914
1914 1915
1915 1916
1916 1917
1917 1918
1918 3711
3711 3712
3712 3713
3713 1919
1919 1920
1920 1921
1921 1922
1922 1923
1923 1924
1924 1925
1925 1926
1926 1927
1927 1928
1928 1929
1929 1930
1930 1931
1931 1932
1932 1933
1933 1934
1934 1935
1935 1936
1936 1907
3710 1899
1899 1900
1900 1901
1901 1902
1902 1903
1903 1904
1904 1905
1905 1906
1906 1866
3728 3727
3727 3726
3726 3725
3725 3724
3724 3723
3723 3722
3722 3721
3721 3720
3720 3719
3719 3718
3718 3717
3717 3716
3716 3715
3715 3714
3714 1937
1937 1938
1938 1939
1939 1940
1940 1941
1941 3728
1900 1992
1992 1953
1953 1942
1899 2173
2173 1943
1944 1945
1945 1946
1946 1942
1942 1947
1947 1948
1948 1943
1943 1949
1949 1950
1950 1951
1951 1952
1802 1964
1964 1957
1957 1955
1955 1962
1962 1956
1957 1958
1958 1959
1959 1960
1960 1961
1961 1962
1961 1963
1963 2001
2001 2003
2003 1965
1965 2005
2005 1865
1964 1965
1957 1966
1967 1966
1966 2168
2168 2169
2169 1968
1968 1969
1969 1970
1970 1971
1971 1968
1971 1972
1972 2143
2143 1973
1973 1974
1974 1975
1975 1976
1976 1977
1977 1978
1978 2126
2126 1979
1979 1980
1980 1981
1981 2111
2111 1982
1982 1983
1983 1984
1984 1985
1985 2064
2064 1986
1986 1987
1987 1988
1988 1989
1989 1990
1990 2062
2062 1991
1991 1992
1956 1993
1993 1994
1994 1963
1994 1995
1995 1999
1999 1996
1996 1997
1997 1998
1999 2002
2002 2004
2004 2006
2006 2000
2001 2002
2003 2004
2005 2006
2007 2008
2008 2009
2009 2010
2010 2011
2011 2012
2012 2013
2013 2014
2014 2015
2015 2016
2016 2017
2017 2018
2018 2019
2019 2020
2020 2021
2021 2022
2022 2023
2023 2024
2024 2007
2025 2026
2026 2027
2027 2028
2028 2029
2029 2030
2030 2031
2031 2032
2032 2033
2033 2025
2034 2035
2035 2036
2036 2037
2037 2038
2038 2039
2039 2040
2040 2041
2041 2042
2042 2043
2043 2044
2044 2045
2045 2046
2046 2047
2047 2048
2048 2049
2049 2050
2050 2051
2051 2052
2052 2034
1998 2053
2053 2054
2054 2055
2055 2056
2056 2057
2057 2058
2058 2059
2059 2060
2060 2061
2061 2062
2056 2063
2063 2064
2065 2066
2066 2067
2067 2068
2068 2065
2064 2069
2069 2070
1987 2071
2071 2070
2072 2073
2073 2074
2074 2075
2075 2076
2076 2077
2077 2078
2078 2079
2079 2080
2080 2081
2081 2082
2082 2083
2083 2084
2084 2085
2085 2086
2086 2072
2070 2087
2087 2088
2088 2089
2089 2090
2090 2091
2091 2092
2092 2093
2093 2094
2094 2095
2095 2096
2096 2097
2097 2098
2098 2070
2092 2099
2089 2100
2101 2099
2099 2102
2102 2103
2103 2093
1998 2111
2111 2104
2104 2106
2106 2105
2106 2107
2107 2114
2114 2108
2108 2100
2100 2109
2109 2110
2110 2111
2101 2112
2112 2113
2113 2114
2101 2115
2115 2116
2116 2117
2117 2118
2118 2119
2119 2120
2120 2133
2133 2121
2121 2122
2122 2123
2123 2101
1956 2124
2124 2125
2125 2126
2126 2129
2129 2127
2127 2128
2129 2130
2130 2131
2131 2132
2132 2123
2133 2134
2134 2135
2135 2136
2136 2137
2137 2138
2138 2139
2139 2140
2140 2160
2160 2165
2165 2141
2141 2142
2143 2144
2144 2145
2145 2146
2146 2142
2142 2147
2147 2148
2148 2149
2149 2150
2150 2151
2151 1976
2123 2154
2154 2152
2152 2153
2153 2135
2154 2155
2155 2156
2156 2157
2157 2158
2158 2159
2159 2160
1970 2161
2161 2162
2162 2163
2163 2164
2164 2165
1955 2166
2166 2167
2167 2168
2169 2172
2172 2124
2143 2170
2170 2171
2171 2172
2173 2174
2174 2175
2175 2176
2174 2177
2177 2180
2180 2178
2178 2179
2180 2181
2181 2182
2182 2183
2183 2184
2185 3641
3641 3642
3642 2186
2187 3641
3641 2188
2189 3642
3642 2190
2191 2186
2186 2192
780 3775
3775 2193
2193 2194
2195 2196
2196 2197
2197 2198
2198 2199
2199 2200
2200 2195
1552 2201
2201 2202
2202 2203
2203 2204
2204 2205
2205 2206
2206 2207
2207 2208
2208 2209
2209 2210
2210 2211
2211 1536
1770 1769
1769 2212
2213 2214
2215 2216
2216 2217
2217 2218
2218 2219
2219 2220
2220 2221
2221 2222
2222 2223
2223 2215
2224 2225
2225 2226
2226 2227
2227 2224
2228 2229
2229 2230
2230 2231
2231 2232
2232 2233
2233 2234
2234 2235
2235 2236
2236 2237
2237 2228
2239 2240
2240 2241
2241 2242
2242 2239
2243 2244
2244 2245
2245 2246
2246 2243
2247 2248
2248 2249
2249 2250
2250 2247
2251 2252
2252 2253
2253 2254
2254 2251
2255 2256
2256 2257
2257 2258
2258 2255
1440 2259
2259 2261
2261 2263
2263 2265
2265 2267
2267 2269
2269 2260
2261 2262
2263 2264
2265 2266
2267 2268
2269 2270
2271 2272
2272 2273
2273 2274
2274 2271
3985 2276
2277 2278
2278 2279
2279 2280
2280 2281
2281 2282
2282 2283
2283 2284
2284 2285
2286 2292
2292 2287
2287 2290
2290 2288
2288 2285
2285 2289
2289 2286
2290 2291
2292 2293
2293 2294
2294 2295
2295 2296
2296 2297
2297 2298
2298 2299
2299 2300
2295 2301
2301 2298
2293 2302
2302 2303
2303 2296
2305 2306
2306 2307
2307 2308
2308 2309
2309 2310
2310 2311
2311 2312
2312 2305
2313 2314
2314 2315
2315 2316
2316 2317
2317 2318
2318 2319
2319 2320
2320 2313
2321 2322
2322 2323
2323 2324
2324 2325
2325 2326
2326 2327
2327 2328
2328 2321
2329 2330
2330 2331
2331 2332
2332 2333
2333 2334
2334 2335
2335 2336
2336 2329
2337 2338
2338 2339
2339 2340
2340 2337
2341 2342
2342 2343
2343 2344
2344 2345
2345 2346
2346 2347
2347 2348
2348 2341
2349 2350
2350 2351
2351 2352
2352 2353
2353 2354
2354 2355
2355 2356
2356 2349
2362 2363
2363 2364
2364 2365
2365 2362
2366 2367
2367 2368
2368 2369
2369 2370
2370 2371
2371 2372
2372 2373
2373 2366
2374 2375
2375 2376
2376 2377
2377 2378
2378 2379
2379 2380
2380 2381
2381 2374
2382 2383
2383 2384
2384 2385
2385 2382
2386 2387
2387 2388
2388 2389
2389 2390
2390 2391
2391 2386
2392 2393
2393 2394
2394 2395
2395 2392
2396 2397
2397 2398
2398 2399
2399 2400
2400 2401
2401 2402
2402 2403
2403 2404
2404 2405
2405 2406
2406 2407
2407 2408
2408 2409
2409 2396
2410 2411
2411 2412
2412 2413
2413 2410
2414 2415
2415 2416
2416 2417
2417 2418
2418 2419
2419 2420
2420 2421
2421 2414
2422 2423
2423 2424
2424 2425
2425 2426
2426 2427
2427 2428
2428 2429
2429 2422
2430 2431
2431 2432
2432 2433
2433 2430
2434 2435
2435 2436
2436 2437
2437 2438
2438 2439
2439 2440
2440 2441
2441 2442
2442 2443
2443 2444
2444 2445
2445 2446
2446 2447
2447 2434
2448 2449
2449 2450
2450 2451
2451 2448
2452 2453
2453 2454
2454 2455
2455 2456
2456 2457
2457 2458
2458 2459
2459 2460
2460 2452
2461 2462
2462 2463
2463 2464
2464 2461
2465 2466
2466 2467
2467 2468
2468 2469
2469 2470
2470 2471
2471 2472
2472 2473
2473 2474
2474 2475
2475 2476
2476 2465
2477 2478
2478 2479
2479 2480
2480 2481
2481 2482
2482 2483
2483 2484
2484 2485
2485 2486
2486 2487
2487 2488
2488 2477
2489 2490
2490 2491
2491 2492
2492 2489
2493 2494
2494 2495
2495 2496
2496 2493
2497 2498
2498 2499
2499 2500
2500 2497
2501 2502
2502 2503
2503 2504
2504 2501
2505 2506
2506 2507
2507 2508
2508 2509
2509 2510
2510 2505
2511 2512
2512 2513
2513 2514
2514 2515
2515 2516
2516 2517
2517 2518
2518 2519
2519 2520
2520 2521
2521 2522
2522 2523
2523 2524
2524 2511
2525 2526
2526 2527
2527 2528
2528 2529
2529 2530
2530 2531
2531 2532
2532 2533
2533 2534
2534 2535
2535 2536
2536 2525
2537 2538
2538 2539
2539 2540
2540 2541
2541 2542
2542 2543
2543 2544
2544 2537
2545 2546
2546 2547
2547 2548
2548 2545
2549 2550
2550 2551
2551 2552
2552 2553
2553 2554
2554 2555
2555 2556
2556 2549
2557 2558
2558 2559
2559 2560
2560 2561
2561 2562
2562 2563
2563 2564
2564 2565
2565 2566
2566 2567
2567 2568
2568 2569
2569 2570
2570 2571
2571 2572
2572 2573
2573 2574
2574 2575
2575 2576
2576 2577
2577 2578
2578 2579
2579 2580
2580 2557
2581 2582
2582 2583
2583 2584
2584 2581
2585 2586
2586 2587
2587 2588
2588 2585
2589 2590
2590 2591
2591 2592
2592 2589
2593 2594
2594 2595
2595 2596
2596 2593
2597 2598
2598 2599
2599 2600
2600 2597
2601 2602
2602 2603
2603 2604
2604 2601
2605 2606
2606 2607
2607 2608
2608 2605
2609 2610
2610 2611
2611 2612
2612 2609
2613 2614
2614 2615
2615 2616
2616 2613
2617 2618
2618 2619
2619 2620
2620 2617
2621 2622
2622 2623
2623 2624
2624 2621
2625 2626
2626 2627
2627 2628
2628 2625
2629 2630
2630 2631
2631 2632
2632 2633
2633 2634
2634 2635
2635 2636
2636 2637
2637 2638
2638 2639
2639 2640
2640 2641
2641 2642
2642 2643
2643 2361
2361 2357
2357 2358
2358 2359
2359 2360
2360 2644
2644 2645
2645 2646
2646 2647
2647 2648
2648 2649
2649 2629
2650 2651
2651 2652
2652 2653
2653 2654
2654 2655
2655 2656
2656 2657
2657 2650
2658 2659
2659 2660
2660 2661
2661 2658
2662 2663
2663 2664
2664 2665
2665 2662
2666 2667
2667 2668
2668 2669
2669 2666
2670 2671
2671 2672
2672 2673
2673 2670
2674 2675
2675 2676
2676 2677
2677 2678
2678 2679
2679 2680
2680 2681
2681 2674
2682 2683
2683 2684
2684 2685
2685 2682
2686 2687
2687 2688
2688 2689
2689 2686
2690 2691
2691 2692
2692 2693
2693 2690
2694 2695
2695 2696
2696 2697
2697 2694
2698 2699
2699 2700
2700 2701
2701 2698
2702 2703
2703 2704
2704 2705
2705 2702
2706 2707
2707 2708
2708 2709
2709 2706
2710 2711
2711 2712
2712 2713
2713 2710
2714 2715
2715 2716
2716 2717
2717 2714
2718 2719
2719 2720
2720 2721
2721 2722
2722 2723
2723 2724
2724 2725
2725 2726
2726 2727
2727 2728
2728 2729
2729 2730
2730 2731
2731 2732
2732 2733
2733 2718
2734 2735
2735 2736
2736 2737
2737 2734
2738 2739
2739 2740
2740 2741
2741 2738
2742 2743
2743 2744
2744 2745
2745 2742
2746 2747
2747 2748
2748 2749
2749 2746
2750 2751
2751 2752
2752 2753
2753 2750
2754 2755
2755 2756
2756 2757
2757 2754
2758 2759
2759 2760
2760 2761
2761 2758
2762 2763
2763 2764
2764 2765
2765 2762
2766 2767
2767 2768
2768 2769
2769 2766
2770 2771
2771 2772
2772 2773
2773 2774
2774 2775
2775 2776
2776 2777
2777 2770
2778 2779
2779 2780
2780 2781
2781 2782
2782 2783
2783 2784
2784 2785
2785 2778
2786 2787
2787 2788
2788 2789
2789 2786
2790 2791
2791 2792
2792 2793
2793 2790
2794 2795
2795 2796
2796 2797
2797 2794
2798 2799
2799 2800
2800 2801
2801 2798
2802 2803
2803 2804
2804 2805
2805 2802
2806 2807
2807 2808
2808 2809
2809 2806
2810 2811
2811 2812
2812 2813
2813 2810
2814 2815
2815 2816
2816 2817
2817 2814
2818 2819
2819 2820
2820 2821
2821 2818
2822 2823
2823 2824
2824 2825
2825 2822
2826 2827
2827 2828
2828 2829
2829 2826
2830 2831
2831 2832
2832 2833
2833 2830
2834 2835
2835 2836
2836 2837
2837 2834
2838 2839
2839 2840
2840 2841
2841 2838
2842 2843
2843 2844
2844 2845
2845 2842
2846 2847
2847 2848
2848 2849
2849 2846
2850 2851
2851 2852
2852 2853
2853 2850
2854 2855
2855 2856
2856 2857
2857 2854
2858 2859
2859 2860
2860 2861
2861 2858
2862 2863
2863 2864
2864 2865
2865 2862
2866 2867
2867 2868
2868 2869
2869 2870
2870 2871
2871 2872
2872 2873
2873 2874
2874 2875
2875 2876
2876 2877
2877 2866
2878 2879
2879 2880
2880 2881
2881 2878
2882 2883
2883 2884
2884 2885
2885 2882
2886 2887
2887 2888
2888 2889
2889 2886
2890 2891
2891 2892
2892 2893
2893 2890
2894 2895
2895 2896
2896 2897
2897 2894
2898 2899
2899 2900
2900 2901
2901 2898
2902 2903
2903 2904
2904 2905
2905 2902
2906 2907
2907 2908
2908 2909
2909 2910
2910 2911
2911 2906
2912 2913
2913 2914
2914 2915
2915 2916
2916 2917
2917 2918
2918 2919
2919 2920
2920 2921
2921 2912
2922 2923
2923 2924
2924 2925
2925 2922
2926 2927
2927 2928
2928 2929
2929 2930
2930 2931
2931 2932
2932 2933
2933 2934
2934 2935
2935 2936
2936 2937
2937 2938
2938 2939
2939 2926
2940 2941
2941 2942
2942 2943
2943 2944
2944 2945
2945 2946
2946 2947
2947 2948
2948 2949
2949 2950
2950 2951
2951 2952
2952 2953
2953 2954
2955 2956
2956 2957
2957 2958
2958 145
145 712
712 711
711 2959
2959 2960
2960 2955
2961 2962
2962 2963
2963 2964
2964 2961
2965 2966
2966 2967
2967 2968
2968 2965
2969 2970
2970 2971
2971 2972
2972 2973
2973 2974
2974 2969
2975 2976
2976 2977
2977 2978
2978 2975
2979 2980
2980 2981
2981 2982
2982 2979
2983 2984
2984 2985
2985 2986
2986 2983
2987 2988
2988 2989
2989 2990
2990 2987
2991 2992
2992 2993
2993 2994
2994 2991
2995 2996
2996 2997
2997 2998
2998 2995
2999 3000
3000 3001
3001 3002
3002 2999
3012 3011
3011 3010
3010 3009
3009 3008
3008 3007
3007 3015
3015 3006
3006 3005
3005 3004
3004 3003
125 3013
3013 3014
3014 3015
3016 3017
3017 3018
3018 3019
3019 3020
3020 3021
3021 3016
3022 3023
3023 3024
3024 3025
3025 3022
3026 3027
3027 3028
3028 3029
3029 3030
3030 3031
3031 3032
3032 3033
3033 3034
3034 3035
3035 3036
3036 3037
3037 3026
3038 3039
3039 3040
3040 3041
3041 3042
3042 3043
3043 3044
3044 3045
3045 3046
3046 3047
3047 3048
3048 3049
3049 3038
3050 3051
3051 3052
3052 3053
3053 3054
3054 3055
3055 3056
3056 3057
3057 3058
3058 3059
3059 3060
3060 3061
3061 3050
3062 3063
3063 3064
3064 3065
3065 3062
3066 3067
3067 3068
3068 3069
3069 3066
3070 3071
3071 3072
3072 3073
3073 3070
3074 3075
3075 3076
3076 3077
3077 3074
3078 3079
3079 3080
3080 3081
3081 3078
132 131
132 3088
3085 3084
3086 3087
3090 3091
3091 3092
3092 3093
3093 3094
3094 3095
3095 3096
3096 3097
3097 3098
3098 3099
3099 3100
3100 3101
3101 3102
3102 3103
3103 3104
3104 3090
3106 3107
3107 3108
3108 3109
3109 3110
3110 3111
3111 3106
3112 3113
3113 3114
3114 3115
3115 3116
3116 3117
3117 3118
3118 3112
3119 3120
3120 3121
3121 3122
3122 3123
3123 3124
3124 3125
3125 3126
3126 3127
3127 3128
3128 3119
3129 3130
3130 3131
3131 3132
3132 3133
3133 3134
3134 3135
3135 3136
3136 3137
3137 3138
3138 3139
3139 3140
3140 3141
3141 3144
3144 3142
3142 3129
3143 3149
3149 3152
3152 3151
3151 3144
3144 3145
3145 3146
3146 3143
3147 3148
3148 3149
3149 3143
3143 3147
3150 3151
3151 3152
3152 3153
3153 3150
3155 3156
3156 3157
3157 3158
3158 3159
3159 3160
3160 3161
3161 3155
3162 3163
3163 3164
3164 3165
3165 3166
3166 3162
3167 3168
3168 3169
3169 3170
3170 3171
3171 3172
3172 3167
3173 3174
3174 3175
3175 3172
3172 3171
3171 3176
3176 3177
3177 3178
3178 3173
3179 3180
3180 3181
3181 3182
3182 3183
3183 3184
3184 3179
3185 3186
3186 3187
3187 3188
3188 3189
3189 3190
3190 3191
3191 3185
3192 3193
3193 3194
3194 3200
3200 3203
3203 3195
3195 3196
3196 3197
3197 3198
3198 3199
3199 3192
3200 3194
3194 3201
3201 3202
3202 3195
3195 3203
3203 3200
3204 3205
3205 3206
3206 3207
3207 3204
3208 3209
3209 3210
3210 3211
3211 3212
3212 3863
3863 3213
3213 3862
3862 3214
3214 3215
3215 3216
3216 3217
3217 3218
3218 3219
3219 3220
3220 3221
3221 3222
3222 3223
3223 3224
3224 3225
3225 3226
3226 3227
3227 3208
3228 3229
3229 3230
3230 3231
3231 3232
3232 3233
3233 3234
3234 3235
3235 3236
3236 3237
3237 3238
3238 3239
3239 3240
3240 3228
3241 3242
3242 3243
3243 3244
3244 3241
3245 3246
3246 3247
3247 3248
3248 3249
3249 3250
3250 3245
3251 3252
3252 3253
3253 3254
3254 3251
265 263
3255 3524
3524 3256
3256 3257
3257 3258
3258 3259
3259 3260
3260 3261
3261 3548
3548 3262
3262 3255
3263 3264
3264 3265
3265 3266
3266 3267
3267 3268
3268 3269
3269 3270
3270 3271
3271 3525
3525 3272
3272 3273
3273 3263
3274 3275
3275 3276
3276 3816
3816 3277
3277 3278
3278 3527
3527 3279
3279 3526
3526 3274
3293 3605
3605 142
142 141
141 3604
3604 143
143 140
140 139
139 3603
3603 3602
3602 3601
3601 138
138 3600
3600 3290
3290 3291
3291 3292
3292 3293
3294 3295
3295 3296
3296 3297
3297 3298
3298 3299
3299 3300
3300 3301
3301 3302
3302 3303
3303 3304
3304 3305
3305 3306
3306 3307
3307 3294
3308 3309
3309 3310
3310 3537
3537 3536
3536 3311
3311 3308
3312 3313
3313 3314
3314 3315
3315 3316
3316 3317
3317 3318
3318 3319
3319 3320
3320 3321
3321 3322
3322 3323
3323 3324
3324 3325
3325 3326
3326 3327
3327 3328
3328 3329
3329 3330
3330 3331
3331 3332
3332 3333
3333 3334
3334 3335
3335 3336
3336 3337
3337 3338
3338 3339
3339 3340
3340 3341
3341 3342
3342 3343
3343 3312
3344 3345
3345 3346
3346 3347
3347 3348
3348 3349
3349 3350
3350 3351
3351 3352
3352 3353
3353 3354
3354 3355
3355 3356
3356 3357
3357 3358
3358 3344
3359 3360
3360 3361
3361 3362
3362 3363
3363 3364
3364 3365
3365 3366
3366 3367
3367 3368
3368 3369
3369 3370
3370 3359
3371 3372
3372 3373
3373 3374
3374 3368
3368 3369
3369 3370
3370 3375
3375 3376
3376 3377
3377 3378
3378 3379
3379 3380
3380 3381
3381 3382
3382 3383
3383 3384
3384 3371
3385 3386
3386 3387
3387 3388
3388 3389
3389 3390
3390 3385
3396 3398
3399 3400
3400 3545
3545 3454
3401 3983
3983 3403
3403 3404
3404 3405
3408 3464
3464 3409
3409 3410
3410 3411
3409 3418
3418 3412
3412 3413
3413 3414
3414 3416
3416 3417
3418 3419
3420 3421
3421 3489
3489 3422
3422 3423
3423 3424
3424 3425
3425 3420
3425 3424
3424 3423
3423 3426
3426 3427
3427 3425
3428 3429
3429 3421
3421 3420
3420 3428
3428 3430
3430 3431
3431 3429
3429 3428
3432 3433
3433 3434
3434 3435
3435 3436
3436 3440
3440 3437
3437 3438
3438 3439
3439 3432
3436 3440
3440 3441
3441 3442
3442 3436
3440 3443
3443 3444
3444 3445
3445 3442
3442 3441
3441 3440
3446 3565
3565 3447
3447 3448
3448 3449
3449 3446
3450 3451
3451 3452
3452 3453
3453 3450
3416 3415
3454 3455
3983 3982
3982 3402
171 3395
181 179
3456 245
3417 3490
3490 203
203 206
206 207
207 211
3454 3401
3460 3461
3461 3462
3462 3463
3463 3460
203 3464
3464 3465
3465 3289
3468 3469
3469 3470
3470 3471
3471 3472
3472 3473
3473 3474
3474 3475
3469 3476
3476 3479
3479 3477
3477 3472
3478 3480
3480 3479
3480 3481
3481 3482
3482 3473
3481 3483
3483 3484
3484 3485
3485 3486
3486 3487
3487 194
3411 3489
3489 3490
3491 3492
3492 3493
3493 3494
3494 3495
3495 3496
3496 3497
3497 3498
3498 3499
3499 3500
3501 3502
3502 3503
3503 3504
3504 3505
3505 3506
3506 3534
3534 3502
3507 3508
3508 3509
3509 3510
3509 3511
3511 3512
3508 3513
3475 3514
3422 3521
3521 3522
3522 3431
3431 3421
3421 3489
3489 3422
203 3547
3547 3546
3546 3548
3548 3545
3549 3550
3550 3551
3551 3552
3552 3549
3552 3551
3551 3553
3553 3554
3554 3552
3555 3556
3556 3557
3557 3558
3558 3555
264 3559
3559 266
3560 3561
3561 3562
3562 3563
3563 3560
3564 3589
3589 3565
3565 3566
3566 3567
3567 3564
3568 3569
3569 3570
3570 3571
3571 3568
3572 3573
3573 3574
3574 3575
3575 3572
3576 3577
3577 3578
3578 3579
3579 3576
3457 3580
3580 3581
3581 3582
3582 3457
3581 3584
3584 3583
3583 3582
3582 3581
3584 3585
3585 291
291 3583
3583 3584
3449 3586
3586 3587
3587 3448
3448 3449
3447 3588
3588 3589
3589 3565
3565 3447
3592 3593
3593 3594
3594 3595
3595 3596
3596 3597
3597 3592
3606 298
298 296
296 294
294 293
293 3607
3607 301
301 3608
3608 300
300 295
295 297
297 299
299 3609
3609 3775
3775 3606
3610 266
3611 3612
3612 3615
3612 3613
3613 3616
3616 3619
3619 3614
3615 3616
3614 3617
3618 3619
3625 3626
3626 3627
3627 3636
3636 3628
3628 3629
3629 3630
3630 3631
3631 3625
3632 3633
3633 3634
3634 3635
3635 3628
3628 3636
3636 3627
3627 3626
3626 3632
3621 3622
3622 3623
3623 3624
3624 3621
3638 3639
3639 3640
3640 3637
3637 3638
3655 3659
3659 3654
3654 3657
3657 3655
3657 3656
3656 3658
3658 3655
3655 3657
3704 3668
3668 3684
3684 3702
3702 3704
3692 3673
3673 3688
3688 3706
3706 3692
3699 3680
3680 3695
3695 3652
3652 3699
3681 3653
3653 3676
3676 3693
3693 3681
3689 3707
3707 3670
3670 3687
3687 3689
3665 3698
3698 3662
3662 3679
3679 3665
3667 3683
3683 3701
3701 3663
3663 3667
3664 3697
3697 3661
3661 3678
3678 3664
3675 3691
3691 3709
3709 3672
3672 3675
3686 3666
3666 3682
3682 3700
3700 3686
3696 3660
3660 3677
3677 3694
3694 3696
3674 3690
3690 3708
3708 3671
3671 3674
3705 3669
3669 3685
3685 3703
3703 3705
3734 3732
3735 3734
3736 1743
3733 3737
3765 3766
3766 3767
3767 3768
3768 3769
3769 3770
3770 3771
3771 3772
3772 3773
3773 3774
3774 3765
3781 3779
3779 3808
3808 3776
3776 3781
3787 3782
3782 3811
3811 3780
3780 3787
3806 3795
3795 3785
3785 3792
3792 3806
3799 3789
3789 3778
3778 3784
3784 3799
3813 3810
3810 3800
3800 3807
3807 3796
3796 3786
3786 3813
3783 3812
3812 3804
3804 3809
3809 3783
3777 3805
3805 3794
3794 3803
3803 3777
3793 3801
3801 3790
3790 3797
3797 3793
3802 3791
3791 3798
3798 3788
3788 3802
3827 3828
3828 3829
3829 4043
4043 3830
3830 3831
3831 3832
3832 3833
3833 3834
3834 3835
3835 3839
3839 3827
3836 3837
3837 3838
3838 3839
3839 3835
3835 3840
3840 3836
3841 3842
3842 3843
3843 3844
3844 3846
3846 3845
3845 3841
3847 3848
3848 3849
3849 3850
3850 3851
3851 3852
3852 3853
3853 3854
3854 3847
3860 3855
3855 3856
3856 3857
3857 3858
3858 3859
3859 3860
3861 3862
3862 3213
3213 3863
3863 3864
3864 3865
3865 3861
3875 3873
3873 3867
3867 3868
3868 3869
3869 3870
3870 3875
3875 3871
3871 3872
3872 3866
3866 3874
3874 3875
3877 3878
3878 3879
3879 3880
3880 3881
3881 3882
3882 3877
633 632
632 631
631 630
630 3883
3883 3884
3884 3885
3887 3888
3888 3889
3889 3890
3890 3959
3959 3891
3891 3892
3892 3893
3893 3894
3894 3895
3895 3923
3923 3946
3946 3896
3896 3897
3897 3898
3898 3899
3898 3900
3900 3901
3901 3937
3937 3902
3902 3903
3903 3904
3904 3957
3957 3891
3893 3905
3905 3906
3906 3907
3907 3908
3908 3909
3909 3910
3910 3911
3911 3912
3912 3913
3913 3914
3914 3915
3915 3916
3916 3917
3917 3918
3918 3919
3919 3920
3920 3921
3921 3899
3920 3922
3922 3897
3923 3924
3924 3925
3925 3926
3926 3927
3927 3928
3928 3929
3929 3930
3930 3912
3896 3956
3956 3939
3939 3933
3933 3931
3897 3932
3932 3933
3932 3934
3934 3935
3935 3898
3934 3936
3937 3938
3939 3940
3940 3941
3941 3932
3893 3942
3942 3943
3943 3944
3944 3945
3945 3946
3945 3947
3947 3948
3948 3949
3949 3950
3950 3951
3951 3952
3952 3953
3953 3954
3954 3955
3955 3896
3957 3958
3958 3959
3958 3961
3961 3960
3961 3962
3962 3963
3963 3964
3964 3965
3965 3970
3970 3966
3887 3966
3966 3967
3967 3972
3972 3969
3969 3968
3968 3960
3960 3938
3938 3936
3962 3968
3964 3969
3970 3971
3971 3972
144 171
171 3977
3977 3981
3981 3980
3980 3978
3978 144
3985 3986
3990 3989
3989 3988
3992 3991
1362 3994
3994 3993
3999 3998
3998 3997
3997 3996
3996 3995
3995 3999
2957 4010
4010 2955
2955 2956
2956 2957
4011 4012
4012 4013
4013 4014
4014 4015
4015 4016
4016 4017
4017 4018
4018 4019
4019 4020
4020 4011
4021 4022
4022 4023
4023 4024
4024 4021
4023 3836
3836 3837
3837 4025
4025 4026
4026 4021
4021 4024
4024 4023
4027 4028
4028 4029
4029 4030
4030 4027
4031 4032
4032 4034
4034 4035
4035 4030
4030 4027
4027 4033
4033 4031
4034 4029
4029 4030
4030 4035
4035 4034
4036 4037
4037 4038
4038 4039
4039 4040
4040 4036
4041 4042
4042 4043
4043 3830
3830 3831
3831 3832
3832 4041
4044 4045
4045 4046
4046 4047
4047 4048
4048 4049
4049 4050
4050 4064
4064 4051
4051 4057
4057 4052
4052 4069
4069 4053
4053 4054
4054 4055
4055 4056
4056 4044
4057 4058
4058 4059
4059 4060
4060 4061
4061 4062
4062 4052
4052 4057
4058 4063
4063 4064
4064 4051
4051 4057
4057 4058
4055 4065
4065 4066
4066 4067
4067 302
302 4068
4068 4069
4069 4053
4053 4054
4054 4055
4070 4071
4071 4072
4072 1105
1105 4073
4073 4070
427 423
423 427
4074 4075
4075 4076
4076 4077
4077 4078
4078 4079
4079 4080
4080 4074
4081 4082
4082 4083
4083 4084
4084 4078
4078 4085
4085 4086
4086 4081
4087 4088
4088 4001
4001 4089
4089 4090
4090 4087
4091 4092
4092 4098
4098 4093
4093 4102
4102 4100
4100 4094
4094 4095
4095 4096
4096 4097
4097 4093
4098 4104
4104 4099
4099 4100
4101 4099
4102 4104
4104 4103
4105 4106
4106 4107
4107 4009
4009 4105
4107 4007
4007 4002
4002 4087
4087 4088
4088 4001
4001 3987
3987 4009
4009 4107
3984 3976
3976 3975
3975 3974
3974 3651
3651 3984
3975 3650
3650 3649
3649 3648
3648 3647
3647 3646
3646 3645
3645 3644
3644 3643
3643 3620
3620 3599
3599 3598
3598 3591
3591 3984
3984 3651
3651 3974
3974 3975
3590 3518
3518 3544
3544 3543
3543 3520
3520 3519
3646 3647
3647 3648
3648 3649
3649 3517
3517 3516
3516 3515
3515 3467
3467 3466
3466 3459
3459 3599
3599 3620
3620 3643
3643 3644
3644 3645
3645 3646
3154 3105
3105 3089
3089 3083
3083 3082
3082 1410
1410 1336
1336 1288
1288 1275
1275 1250
1250 1219
1219 1116
1116 1115
1115 1114
1114 1109
1109 3154
1288 1275
1275 1250
1250 1108
1108 709
709 4073
4073 1105
1105 1102
1102 1101
1101 1038
1038 1002
1002 1410
1410 1336
1336 1288
709 568
568 560
560 490
490 489
489 488
488 1108
1108 709
487 486
486 479
479 465
465 405
405 327
327 326
326 487
4059 325
325 314
314 324
324 323
323 4068
4068 4069
4069 4052
4052 4062
4062 4061
4061 4060
4060 4059
322 321
321 320
320 319
319 313
313 315
315 318
318 317
317 316
316 322
315 314
314 325
325 313
313 315
322 312
312 311
311 310
310 309
309 308
308 307
307 306
306 305
305 304
304 303
303 302
302 4068
4068 323
323 324
324 314
314 315
315 318
318 317
317 316
316 322
1101 401
1114 388
3643 380
3644 1101
3650 393
3515 386
3518 404
3544 379
558 550
558 550
3217 550
3211 550
541 3213
540 557
1873 798
2172 3087
2024 1873
2009 796
1916 1958
1934 1823
1940 1995
3725 1858
2030 3087
2030 1927
40 1843
40 3726
132 1845
3088 1880
548 2819
547 2819
3889 2819
3931 556
2589 3964
2590 3952
3771 3968
3772 547
2693 3947
2692 3925
2265 3963
2260 3954
2244 3919
2244 2262
2604 3916
2602 3769
2701 2590
2700 3938
2194 2260
2194 2603
47 3962
546 3913
2911 3898
2906 3933
2258 2244
2257 2604
2712 2257
2713 3962
2196 2194
2196 3946
2716 2269
2716 3954
2697 3899
2695 3938
2703 3770
2703 3947
2599 3904
2599 3923
2609 3911
2611 3918
2274 3953
2274 3939
2254 2589
2254 3909
2688 2603
2688 2194
2608 543
2608 2612
2593 47
2593 2705
1440 3940
1440 3950
1431 3940
1431 3891
2685 3932
2685 2693
2647 2311
2358 2311
2583 2639
2584 2638
1415 2640
1416 2360
2343 2636
2341 2640
668 2309
679 2583
2255 2357
2256 2311
2355 674
2353 1415
682 2640
683 2642
2379 2636
2378 2629
2395 2255
2393 2381
695 2360
696 2379
1430 2359
1428 2393
2370 2346
2372 683
2709 1428
2708 2375
2396 2371
2396 2377
110 2396
559 2709
2388 436
2391 2376
2326 2367
2328 106
2320 2368
2317 669
2251 1422
2252 106
2340 2647
2337 2583
2334 2648
2335 2339
2382 2367
2383 674
2250 2396
2250 683
2243 110
2246 676
128 2629
128 2373
56 2368
435 2341
2363 2370
2363 2708
2272 2709
2271 2363
2240 2309
2240 2311
564 2402
565 2329
1411 2639
1414 696
108 2391
108 2638
542 2361
542 2401
1103 2584
1103 2356
1420 281
1423 282
2804 281
2804 1425
2277 2803
2281 39
2730 2282
2721 2803
2742 2277
2743 2278
2674 1423
2675 2725
2662 2278
2662 2278
2670 2742
2672 2663
2661 2718
2661 2282
2669 2680
2666 2742
3641 2674
452 282
2813 2719
2811 2277
2746 1436
2747 1423
2798 2729
2801 2670
2787 1425
2788 2743
2808 2804
2808 2802
2714 2719
2714 1443
2656 2190
2657 2663
2763 2653
2763 1423
2767 2729
2767 2726
2734 2670
2737 2789
2793 2668
2793 2664
2761 2802
2758 2762
2241 2811
2241 2812
2739 2727
2738 2664
1412 2191
1413 2727
87 2728
87 2715
2711 2727
2711 2764
2814 2799
2815 2670
2259 2815
2259 2666
585 2787
585 2807
3689 3533
3687 255
3851 256
3849 3707
3624 3851
3621 3852
3635 3848
3626 3847
3619 3848
266 3847
3703 3852
3703 3621
3445 3669
3442 3636
3683 3502
3667 3851
3537 265
3308 3853
3702 3621
3668 3636
3562 3311
3560 3707
3700 3704
3700 3684
3706 3501
3673 3629
3859 3686
3857 3687
3694 3624
3677 3685
3557 3610
3557 3502
3697 3677
3697 3694
3671 3851
3690 3847
3659 3559
3655 3308
3681 3444
3676 3851
3675 3688
3672 3625
250 266
250 3678
500 3613
503 261
148 3675
148 3663
3652 3814
3695 250
292 3663
292 3615
131 3674
131 3536
3662 3670
3662 3656
929 3884
928 3883
842 929
842 3883
638 926
634 840
870 843
871 843
594 874
593 870
611 926
616 637
468 621
471 3884
931 639
932 926
655 621
655 617
651 640
652 635
855 658
859 928
846 3883
849 933
875 617
886 592
3994 615
3993 854
603 880
600 933
1369 884
1367 469
1118 884
1118 867
622 611
622 621
865 880
861 1367
633 848
632 663
644 615
642 587
659 872
662 595
3996 852
3996 646
837 663
835 930
1097 1366
1095 475
1073 871
1072 1362
456 600
445 466
1083 595
1084 93
887 470
890 591
2404 114
2409 125
2458 439
2457 569
2449 12
2449 11
665 12
583 578
2476 12
2470 2452
2435 12
2447 2459
562 2473
562 2438
2483 439
2482 125
77 2434
77 2456
3881 2406
3882 561
3219 2447
3219 12
483 2447
481 438
689 2479
692 2458
2534 2441
2534 125
2431 125
2432 583
701 690
697 2467
2419 3882
2418 2465
686 3879
681 2437
2425 2483
2423 2452
2410 686
2411 2455
2463 90
2461 481
544 2429
544 2453
2585 1794
2587 1792
1798 2588
1798 2587
1899 1793
1901 2586
2964 1991
2962 2587
3967 2184
3971 2062
2195 2963
2200 2586
2600 2585
2600 2182
1790 2588
1789 2055
1913 1796
1913 2184
2068 2178
2066 1910
268 2585
1954 1913
1106 1902
1106 2964
497 2961
497 2963
2625 2065
2625 2061
3767 1792
3767 2173
1204 1237
1205 1029
1372 1233
1328 1222
1195 1402
1196 1232
1243 1377
1240 1272
1262 1204
1263 1327
1214 1326
1211 1400
1254 1355
1251 1377
1351 1378
1352 1194
1380 1355
1381 1396
1245 1376
1249 1380
1389 1352
1388 1396
1286 1210
1286 1323
828 1210
828 1256
1202 1281
1199 1282
1347 1201
1348 1283
1258 1282
1361 1281
1220 1283
1231 1141
1257 1165
1257 1161
1386 1361
1385 1130
1030 1170
1031 1360
1063 1143
1064 1346
1190 1258
1197 1349
1337 1130
1343 1276
708 1220
705 1146
1158 1349
1157 1223
1054 1099
1051 1339
1151 1187
1154 1150
1061 1089
1062 1156
1216 1098
1209 1149
1394 1283
1395 1122
1137 1348
1140 1154
1126 1099
1123 1338
1172 1059
1173 1200
1182 1051
1182 1200
1354 1161
1350 1123
1184 1126
1185 1190
1259 1220
1259 1062
1055 1345
1056 1172
3998 1159
3998 1341
1193 1147
1193 1181
325 336
314 368
2943 365
2950 320
333 4060
364 4053
5 2947
8 311
358 2944
359 319
3590 319
3590 323
342 352
342 9
3599 333
3599 344
3208 448
3208 117
418 448
413 3208
815 448
815 412
3191 816
3190 414
3051 3072
3051 3071
3040 3072
3049 3060
3003 3071
3003 3043
3029 3060
3027 3058
2979 3032
2979 3071
3000 3060
3001 3070
3076 2999
3074 3051
3065 3047
3062 3077
2994 3042
2994 3040
2229 3045
2237 3041
2220 3051
2218 3036
2995 2994
2997 2230
2987 3039
2990 2996
3081 3057
3078 2996
3067 2237
3068 3062
2224 3028
2227 3060
529 3081
2213 3000
523 2219
522 3069
2216 3058
2216 523
1715 1462
1700 1515
1670 1708
1651 1517
3640 1558
3639 1756
31 1707
20 1764
1615 1668
1616 1672
813 33
812 25
2226 30
2226 3638
2775 2052
2774 2035
2093 2042
2171 2047
2756 2040
2755 2071
2080 2036
2078 1976
2028 1987
2029 1979
2753 2082
2752 2107
492 1978
496 2165
2797 2170
2795 1971
276 2083
276 1968
2779 2048
2782 2102
3887 2771
3887 1997
2744 2106
2745 2046
2748 2096
2749 2035
3768 2048
3768 2087
2740 280
2741 274
2817 1968
2816 2752
1331 1284
1333 1285
1295 1307
1300 1321
3178 1332
3174 1291
3185 1335
3185 1307
832 1291
824 1335
3184 1300
3179 831
821 3174
820 824
4105 4102
4009 4101
3829 3987
3829 4007
4021 806
4024 4097
4084 4090
4083 4091
4075 4101
4080 4087
3102 4097
3101 2275
2960 4091
2960 4092
3860 806
3855 4023
1034 521
1034 520
3209 1035
3209 1035
2998 1034
2998 3209
3189 3209
3189 1034
3199 520
3199 521
2991 1036
2992 1035
3838 170
3831 4005
3645 154
3645 575
4056 162
4047 170
3984 158
3591 152
4040 553
4038 3830
567 4047
567 4047
1612 2302
1605 1482
115 1483
85 1609
790 286
3524 289
3594 3600
3594 3430
3554 790
3551 3293
3275 3490
3278 3416
3633 3427
3633 790
2619 3484
2619 3275
3269 3411
3271 787
2199 290
2199 3256
3491 793
3456 3426
2592 3584
2592 3264
3354 791
3354 3600
3372 3596
3368 3413
3436 3429
3443 3545
2628 3355
2628 3600
239 3477
239 3595
150 17
3815 3486
2622 285
2622 790
3463 3419
3460 203
3691 3816
3691 290
4034 3345
4034 451
1783 262
1783 3816
3698 3267
3698 293
246 3483
246 3463
3168 53
3168 52
102 52
111 3167
3114 53
3117 3167
3240 3113
3237 3168
3180 3230
3180 3114
3245 3232
3246 3112
3244 111
3242 52
3108 3239
3109 53
126 3239
441 3115
3123 52
3123 3230
3164 533
3165 3109
3159 111
3160 3123
2324 2566
2321 2578
2308 2570
2307 2572
2543 2324
2537 2566
2550 2575
2555 2569
2521 2564
2512 2323
2530 2563
2533 2563
449 2307
462 2567
2503 2553
2501 2518
2496 2535
2493 2536
2546 2576
2547 2565
2506 2502
2505 2308
524 2543
527 2541
2315 2507
2314 2306
2222 2577
2221 2510
2497 2528
2499 2222
2217 2510
2217 2520
3226 2579
3227 2522
2582 2307
2582 2517
2491 449
2491 2321
3064 2537
3063 2510
582 2538
582 2572
3874 3218
3871 3218
2986 3870
2986 3869
3018 3873
3018 3868
2980 3868
2980 2985
3023 2984
3024 3866
3006 3870
3009 3022
2978 3870
2977 3021
3221 3017
3223 3006
2969 3022
2970 3221
2967 2978
2967 3866
2993 3015
2993 2985
432 3874
432 2993
409 3840
410 3840
4008 3840
44 407
3093 3985
3092 4006
4077 3093
4076 3095
405 4085
465 3097
426 3094
427 405
560 465
568 423
4070 3985
4071 3840
3646 327
3646 410
3976 4076
3976 465
1042 3200
1045 3200
537 1040
123 1046
536 1040
535 123
3251 1039
3254 96
3186 536
3186 3253
3170 1040
3169 538
3248 3170
3248 1041
3110 537
3111 130
3176 1043
3177 1041
3233 3200
3234 96
3193 3251
3193 82
722 3509
721 735
3295 3565
3305 743
3782 3983
3780 749
257 3394
257 3819
3781 735
3808 743
3571 4010
3570 253
4014 3296
4015 738
3360 756
3366 244
3846 2958
3845 3360
3335 3295
3335 3360
175 750
3285 3359
726 3980
727 3983
3505 2959
3503 222
715 222
716 714
3539 3447
3538 3297
3810 3325
3807 3821
212 3304
205 3566
3579 3332
3576 3469
3385 234
3387 209
3824 4020
731 3454
3805 3821
3777 725
3784 3541
3789 729
1050 3455
1048 3455
3453 222
3452 192
733 3362
3826 3283
758 207
759 3282
3818 2959
719 197
4026 3571
4025 3370
54 3575
54 3776
3804 3341
3809 1048
4027 199
4028 3321
3793 3450
3793 4012
3795 3389
3806 3362
4041 3362
4042 3978
3788 3333
3802 3452
4037 3817
4037 3497
3310 3540
3310 3817
3488 175
3488 2955
3204 3202
3204 3197
519 3202
518 3204
430 3201
530 3207
1014 1020
1012 1020
3139 1019
3143 1022
1025 3145
1026 3151
1005 1022
1006 1021
1009 3149
1008 3147
989 1020
987 3138
980 993
978 991
64 992
3992 3137
977 3143
974 985
942 1024
942 1011
3157 939
3158 977
997 80
1000 1006
1016 979
1015 3161
3127 3151
3128 969
3997 83
3997 3135
960 993
960 995
1279 3157
1279 971
1113 978
1110 3156
3166 3991
3166 3138
1784 46
1784 772
2829 298
2826 297
2835 771
2837 771
2871 2836
2874 45
2849 295
2847 554
2916 2846
2920 765
2907 433
2907 768
2923 576
2924 2193
2886 2925
2888 768
2885 2920
2882 777
2832 2918
2832 2849
2820 2922
2821 778
2840 768
2840 46
2618 434
2617 2872
2616 2882
2616 780
2861 2618
2859 2874
2926 2829
2932 2829
2881 2934
2881 2885
4031 2835
4032 2831
2824 2849
2822 2885
2895 2827
2894 2876
2850 2912
2851 2193
2900 2874
2898 2908
2594 299
2596 2866
1047 2907
1047 2838
2893 2901
2891 2884
2845 2617
2844 2939
566 3606
563 771
3766 2917
3766 2617
2905 2831
2902 2932
2854 2821
2856 1784
2865 2856
2865 2843
2197 2831
2197 2852
2610 46
2610 2842
4035 2864
4035 2904
656 896
656 897
661 656
660 896
61 892
124 898
654 660
653 98
627 75
627 896
3131 626
3129 625
908 896
920 624
951 631
951 631
3120 623
3119 629
955 919
956 898
3150 626
3153 907
934 467
943 3133
947 631
948 3119
2789 2283
2789 2281
2766 2657
2766 2680
1443 2769
1443 452
2725 2788
2725 2813
1252 2238
1252 1312
1248 1295
1248 1286
1195 1320
1195 1315
2615 2895
2615 2868
718 4096
718 4096
3813 3843
3777 719
731 3817
3450 3846
760 799
759 4018
242 3453
242 757
4033 3791
3320 752
3804 4011
3804 3822
3806 3780
3792 4028
3829 742
3829 3806
3336 803
3335 4027
213 751
205 3813
4042 4027
4041 3338
3855 799
3855 4096
4002 3809
4001 3795
3587 3807
3586 4020
733 3574
733 575
1049 750
1049 752
179 3812
179 3793
3554 3548
3552 3536
3348 3549
3346 3564
433 3529
433 225
3340 3366
3343 3297
563 3478
566 3306
147 563
149 779
3024 2488
3024 2521
3225 2519
3225 2465
3878 3225
3878 2544
2451 2547
2451 2551
2579 1753
2580 1565
1651 1555
1711 1755
21 2201
28 1707
2582 1749
2582 21
1027 987
1025 985
1010 991
1008 89
976 124
976 1023
3113 92
3112 1022
3991 978
3991 972
53 993
533 3127
3156 957
3157 994
3930 1793
3908 2197
2601 2590
2604 3958
789 2198
3292 2585
3416 2622
3415 786
3435 3594
3432 2598
2608 2613
2605 781
2595 2588
2596 3960
1784 3775
1784 2623
2617 3435
2618 3969
3752 1498
3752 1588
2208 1590
2206 1502
3640 1542
3639 1467
1615 1585
1615 3637
30 1576
30 1457
2191 2312
2191 2641
1437 2641
1437 2384
699 2635
699 670
2718 2361
2721 2344
2387 696
2386 2334
2706 2329
2706 673
2666 677
2666 2330
2675 2385
2675 693
1445 63
1439 676
2723 2336
2724 2642
2403 2363
2403 673
114 2354
114 2366
2405 1422
2405 2319
2392 2384
2392 2723
2381 2631
2381 2342
2065 1983
2068 2041
2022 1985
2019 2148
274 2024
272 2019
3966 2161
3966 2050
1058 1162
1058 1167
3146 1393
3146 1131
3990 1390
3992 1187
1140 1276
1140 1348
2215 761
2220 1769
809 462
808 2223
525 2213
525 511
3227 810
3226 764
2227 1769
2227 41
814 2216
814 527
3064 511
3063 2217
582 764
582 3226
3020 3046
3018 1037
2969 3038
2970 3033
3162 3231
3162 3231
3242 86
3242 3239
3159 3180
3159 3115
1013 3177
1012 3107
3251 3181
3251 3163
3145 86
3145 3177
102 3169
102 3169
3012 3207
3011 3205
3188 430
3188 3010
1033 430
1032 3214
1155 1088
1157 1088
1055 1078
1056 1155
1134 1065
1154 1157
1059 1360
1060 1066
1117 1158
1118 1147
1081 1127
1081 1097
1124 1066
1123 1367
1138 1150
1137 1158
1133 1075
1133 1082
3999 1052
3999 1092
3084 1872
3084 1826
3697 1832
3697 1872
3711 1885
1918 1815
3625 1819
3626 1836
3705 1821
3705 3664
703 3224
701 3876
3008 3224
3008 484
2423 484
2426 15
2404 2416
2404 12
2468 14
2468 437
624 662
623 662
3883 625
663 662
61 845
61 623
611 845
610 103
3131 633
3131 617
605 610
607 631
1937 1880
3726 1931
139 1934
3603 1922
1791 1930
1791 807
3698 2058
3698 1928
3633 2178
3633 2057
2067 3724
2067 2963
455 1496
455 1599
585 1475
585 2303
4095 3690
4095 3652
4010 3619
4010 3693
3678 3679
3661 3621
3558 3655
3555 3636
3987 3624
3987 3560
3309 3707
3309 3665
968 858
966 908
1015 939
1018 587
3988 926
3989 936
948 955
947 932
951 1018
953 591
975 854
975 963
622 954
622 592
3769 2753
3770 2753
2736 2753
2736 3771
2779 3769
2778 3772
2755 2779
2757 2780
277 3769
278 2779
3959 2751
3889 3770
2743 3769
2745 2782
492 2736
492 2772
3893 2770
3943 277
2794 3888
2796 2773
2733 2794
2733 3772
2746 3959
2749 2817
3970 2780
3970 2782
1435 2751
1433 2745
2726 2779
2726 2757
2687 2244
2687 3945
666 74
77 547
2241 3922
2241 2262
565 2250
564 545
2252 2710
2252 2689
2699 2396
2698 47
2722 2377
2722 3954
3914 546
3914 2690
3765 2716
3774 3947
2364 2266
2364 3948
2697 2692
2696 3946
108 2252
108 70
2380 2395
2380 2709
3213 2997
3861 3059
3217 3871
3216 2983
41 2230
41 3060
523 2981
523 2990
2619 4032
2619 2884
3815 2835
151 4034
2197 2836
2852 2841
2861 767
2860 2838
2613 766
2613 3553
2896 2884
2897 2613
2350 1419
2351 1421
585 2804
585 2629
2799 1418
2798 2675
2791 2185
2791 585
2594 2729
2594 2821
2607 3913
2607 2260
1049 553
1048 800
567 553
54 803
4028 800
4028 54
4041 4033
4041 4027
4036 4041
4036 4027
2412 2481
2413 15
3869 3877
3869 2416
3011 2461
3012 2443
3234 91
3231 130
4106 560
4105 426
407 4098
410 3102
4089 4099
4089 3095
1787 2961
1789 1796
2621 2599
2622 3963
2626 2602
2627 3887
3594 2603
3594 2603
1106 1795
1106 3964
2605 1794
2605 2622
2195 2617
2195 2593
2199 3962
2198 3970
1783 3768
1783 2604
2497 2509
2494 2509
2492 2578
2489 2565
2305 2505
2305 2507
3013 2507
3013 2565
889 1337
887 1153
3214 3199
3215 3198
1040 557
1040 3194
3210 3204
3210 3196
2787 2289
2787 1778
2763 1536
2759 2293
2767 122
2766 2300
2809 1598
2806 2287
443 885
443 478
891 843
891 658
3142 864
3142 608
4052 2
4044 345
346 5
346 160
4040 166
4040 152
2940 3
2940 157
4090 3836
4090 4038
3645 3828
3646 3828
3591 3836
3591 3840
4091 3651
4003 3976
4081 3828
4081 3829
4046 4000
4046 4086
949 967
949 80
3997 3143
3997 3161
99 2307
2389 2307
2531 2381
2530 584
2464 114
2463 2358
2411 2247
2410 2248
2495 565
2495 110
2504 698
2503 2255
2641 2406
2641 2402
1107 2924
434 2887
2895 2923
2615 2887
2914 2869
2850 1107
2855 2923
2854 2826
2879 2899
2879 2876
2822 2872
2825 2874
2595 2869
2595 2868
3818 3319
719 3297
759 723
758 3579
729 3565
729 3340
718 752
717 3336
4029 3312
4030 750
3453 3320
3450 3341
3570 3398
3571 3329
3843 3575
3843 3300
747 3312
747 238
3228 112
3126 112
522 460
522 117
2229 420
2228 419
2236 412
2236 815
1790 1829
1790 3633
3675 1855
3675 271
3851 1871
3848 1845
3658 1906
3659 1802
3596 1865
3597 1896
3653 1917
3681 3084
3689 1849
3689 3678
2200 1840
2200 1818
3409 3978
3401 144
241 3356
241 149
3303 250
3305 3474
3699 3854
3680 3546
3616 3703
3617 3271
3569 208
3568 3512
3709 3434
3709 3310
3673 3378
3673 3357
3676 3853
3693 3305
3686 3542
3666 3421
3668 198
3668 3437
789 3546
789 3508
1240 1187
1240 1167
1214 1345
1214 1203
3181 86
3182 126
3174 3180
3237 441
3164 3174
3165 3182
76 458
76 446
3185 3184
3185 3183
2793 2133
2793 2157
2764 2778
2764 2160
2801 2771
2800 2098
2761 1975
2760 1993
3799 3857
3778 4097
3656 4026
3657 3784
4042 3856
4042 4025
3804 3799
4009 3855
3682 4001
3700 743
3798 3857
3802 3682
2959 3788
2959 3799
501 4096
502 3855
3825 500
733 3795
3635 3810
3635 4001
746 3612
746 3810
3397 3846
3397 3822
242 3654
242 3782
748 740
748 3803
3688 730
3688 3788
1832 784
1832 293
3859 294
3860 1833
3577 1839
3578 783
381 783
386 1832
3367 1835
3370 298
2153 1835
2153 390
2745 429
2745 440
2296 786
2296 3360
1571 2133
1571 3370
2073 784
2073 3359
196 3370
196 1832
506 3367
506 386
3265 2742
3263 2135
3497 3370
3497 398
1041 784
1041 3264
3462 3577
3461 196
2253 398
2253 1044
3997 390
3997 1845
1590 2742
1591 3368
2879 2154
2880 3366
204 1044
3541 3359
1349 1835
1346 196
2703 204
2704 3292
2499 3366
2499 1349
2845 3366
2844 2135
1415 2301
1418 3263
760 780
757 1591
3173 440
3173 1415
1876 1415
1875 2074
2241 381
2241 3860
3658 3997
3658 3273
1272 2879
1273 3366
3795 506
3806 1415
1742 1346
1741 1832
3561 440
3562 3996
3404 1418
3983 2845
3032 440
3032 1346
2507 3368
2506 3405
3965 504
3965 3265
748 440
747 1835
2864 2134
2863 2133
1783 1832
1783 2075
645 3076
645 3077
172 645
3282 646
2053 3282
2054 3281
148 3282
148 3077
3766 147
3766 172
635 147
637 2055
1953 3766
1953 645
2587 172
2587 645
3494 172
3495 2586
1626 2587
1628 3767
2892 1946
2891 2055
2095 1626
2094 2891
3854 2586
3853 3765
2636 2892
2638 645
2929 147
2930 2637
3033 1628
3033 646
2081 147
2084 2587
1127 1946
1062 637
1923 1628
1921 1946
4066 1127
4055 1111
3069 3076
3069 3495
2303 1924
2303 1062
958 645
958 3854
655 4056
655 2054
1709 2891
1709 3766
3190 1627
414 2638
948 1923
948 3854
2464 3495
2461 3189
1824 414
1825 1925
3466 1924
3599 1627
867 1824
867 3190
2666 645
2669 1361
2895 3077
2896 3076
35 1360
35 948
3754 3766
3754 3765
4014 1360
4014 69
505 3774
505 2586
3544 33
3543 421
1980 1111
1981 1924
2706 2084
2706 656
3576 3544
3579 1921
3028 34
3028 873
2890 1281
2893 1281
836 2893
837 2890
1242 1281
1242 2893
90 2890
58 1282
3352 1241
3352 836
1087 1241
1087 834
3090 837
3104 1064
328 835
334 1281
702 834
701 1242
2008 439
2008 1088
3039 836
3038 3352
2953 3090
2950 3049
2690 334
2693 1241
1332 3039
1333 2954
1713 3090
1713 1334
975 1085
974 2954
3849 3047
3852 328
745 2893
744 3852
3568 3041
4026 746
1365 320
1357 744
3412 1357
3413 2950
3819 1086
724 3049
160 334
164 1281
3106 974
3107 724
1256 3091
1379 2950
3123 3851
3122 1365
425 739
425 1281
383 3121
383 3413
3373 3111
3374 1241
1252 3568
1252 974
2068 2893
2066 3039
1796 1332
1797 1251
1221 3849
1221 90
923 4026
924 3104
1518 3039
1518 3122
720 1379
3817 12
3660 3849
3677 3091
1666 1087
1668 3047
609 1665
598 2987
4013 164
4019 3571
1822 3039
1823 744
885 328
885 1713
2267 746
2267 1221
2747 262
1422 262
2569 2747
2571 1422
1512 1422
1511 2747
2556 262
2549 2571
2266 2568
2265 1513
2623 2266
2624 2568
326 1513
326 1504
3732 2624
3732 263
2640 263
683 2266
3752 486
3753 2639
1492 2556
1495 487
1298 2571
1296 263
2919 1513
2920 1673
188 1673
188 2639
297 190
297 1512
1399 1673
1399 1295
488 2623
488 2919
2140 490
2139 1512
4004 186
42 1494
1714 489
1714 1294
3536 1492
3536 1672
719 1297
3818 1503
1767 683
1767 188
1054 46
1054 2265
1945 3732
1944 1504
1394 573
1395 186
2627 1944
2626 262
711 2748
711 2549
2275 711
3611 1395
1690 2639
3738 1512
3560 1294
3563 42
753 2550
749 1298
555 1293
555 684
1573 1673
1647 262
3848 2549
3847 684
2905 489
2905 1395
2673 3536
2673 3738
3353 2639
3354 1423
2155 186
2155 2139
450 1051
450 719
3951 2155
3950 46
127 754
127 749
2989 190
2989 2549
2884 1541
2883 1543
985 1539
985 1538
2971 2884
2970 1542
980 1538
981 984
807 981
807 981
2108 1540
2108 984
3721 2100
3721 985
321 1539
322 2971
3416 2970
3415 1543
1180 16
1181 321
3442 1182
3445 984
3323 1180
3323 1543
2997 3442
2997 3445
4107 2883
4105 3445
3550 2997
3550 2884
1303 1180
1308 3414
3789 4106
3778 321
1301 322
1300 1180
2734 4105
2737 1299
1646 4009
1646 3417
3675 1307
3675 1540
198 1541
198 321
2665 1181
2663 198
163 2662
163 4009
66 1306
122 3441
1367 3778
1366 163
2803 16
2803 2971
3125 1305
3127 2971
4074 985
4080 3720
247 3415
251 2802
3521 2664
3521 1301
2628 1367
2625 3442
458 981
458 1367
3387 1306
3386 166
734 1299
3825 2664
592 2969
590 251
2755 163
2756 322
2994 2998
2994 3416
1262 4106
1263 3414
2279 167
2280 1309
2060 3124
2060 2883
2778 985
2785 3672
2753 1262
2750 1317
1137 2663
1140 1299
3649 2802
3649 16
1838 1579
1838 1580
1167 1579
1167 2304
4075 1837
4076 1167
729 1838
730 2304
3221 1799
3218 1575
733 3221
733 732
1619 3871
1620 3218
2996 1617
2995 1619
884 1618
883 1620
3584 1836
3584 4076
2325 3871
2324 1859
2876 3584
2876 3871
2297 1575
2297 3585
3799 1575
3784 1838
423 1576
423 3871
736 1859
737 2304
1643 427
1643 3823
4040 1578
4040 1799
2057 423
2056 4075
2600 1618
2600 740
2805 2876
2804 1575
352 1620
348 1578
1164 1576
1163 1837
898 1581
891 3826
117 1581
59 729
535 3220
536 117
2422 1617
2422 899
3764 1838
998 352
2754 117
2757 1161
1009 459
1009 117
3156 4076
3156 59
3026 4075
3026 1643
3471 1618
3471 1576
63 3472
119 899
93 1836
93 1838
2619 1009
2618 3871
820 3472
820 2057
1285 93
1285 3026
2868 1578
2868 4076
1952 59
1950 1581
2912 1950
2913 891
2685 2600
2682 3872
1444 1951
1444 998
1103 3584
544 4076
2009 104
2009 891
660 451
659 140
1731 451
1728 659
3303 1731
3303 1760
333 1763
340 1760
2984 1730
2985 17
1816 3299
1812 1732
309 337
311 1761
3730 308
3730 1729
1390 3303
1390 305
3421 3086
3431 1813
1582 1729
1582 329
943 1818
942 1730
1056 1763
1057 1814
2174 1762
2174 3085
3657 2176
3659 307
187 660
187 3302
3705 3425
3705 660
175 1582
173 3084
123 305
123 340
2024 304
2024 337
2168 1763
2168 3084
3515 1727
3516 3424
844 3280
838 3428
3709 3428
3709 1390
2918 537
2918 187
2940 3657
2940 173
2833 3430
2830 1056
2250 307
2250 3516
3701 307
3701 2984
718 2168
718 3431
1949 333
1949 2833
2366 291
2367 1731
3776 451
3776 3428
3792 3808
3792 943
2212 3424
764 3420
1982 3709
1982 1818
3477 2833
3477 2368
236 1816
236 173
1047 3691
1047 3301
832 2175
832 2367
2596 2250
2596 175
216 304
216 764
2161 3428
2161 451
3686 3421
3686 3424
3583 581
3583 581
1648 3458
1648 581
2915 3741
2917 3458
23 3583
23 3523
1549 3457
1550 3582
2779 3457
2780 3523
1587 1546
1584 2780
2775 1584
2773 3
2213 2773
41 1585
823 1550
822 3583
4104 2779
4101 3582
1609 23
1608 2213
2521 1588
2523 2915
1800 3741
1821 3458
3148 1586
3149 152
1614 1587
1614 22
1201 3
1200 1614
2263 3582
2263 2521
3043 2773
3043 3523
2554 1800
2555 2776
1870 1585
1879 1548
2453 1547
2453 531
3287 1806
3285 2555
3427 1820
3427 2521
2281 2213
2282 1609
300 3582
774 1586
3652 2521
3699 2773
969 531
969 2281
963 1550
963 3287
3317 3427
3317 2787
4054 3287
4053 3973
3612 777
3613 1547
846 1550
847 2523
3693 1201
3681 1800
2614 823
2614 1800
3639 41
3638 152
2384 531
2384 1870
548 2915
547 4101
3204 529
3205 4104
1146 3287
1146 4053
1686 1821
1687 3317
2949 2523
2949 3043
829 581
828 3523
2373 2614
2373 823
3321 2888
3321 2888
3475 3320
3514 3320
2409 3322
2396 770
3757 3514
3757 3320
4033 3320
2836 2408
1037 768
1037 768
1785 2888
1785 3514
1247 1786
1248 3474
3192 2888
3199 1247
1279 197
1166 197
4024 2835
4024 2887
1159 1249
1133 1166
446 1785
446 3198
1092 2887
1063 1278
3525 4033
3271 2408
1128 1092
1128 1063
1962 766
1955 1132
856 770
855 1249
2357 1249
2361 1955
3548 1962
3546 446
351 1695
351 856
1906 1089
1905 1278
3553 2361
3553 1037
3794 3321
3803 1785
1826 1132
1826 2357
2207 1695
2209 3548
1411 1133
1412 766
1195 1278
1208 1089
2034 3199
2034 1232
3884 1063
3885 766
3435 1195
3434 3546
3078 2835
3079 1278
1451 2888
1451 1906
618 2887
618 2209
1254 4033
1254 1233
1069 3777
1097 3321
2183 3475
2184 3192
2217 1962
2216 4032
1227 2167
1227 3546
2385 1226
2382 4031
1013 3885
1013 1785
3519 86
3519 3268
680 4032
680 3434
1819 2051
1810 2049
934 1874
935 1805
3438 2052
3439 1871
1035 3438
1034 2049
341 2050
335 1871
2040 3432
2040 2052
582 1036
585 1871
1274 1871
1274 935
523 2040
523 3439
1959 2040
1959 935
3379 2040
3380 341
3716 1274
3718 2052
565 3377
565 935
938 2036
938 935
3401 935
3400 2035
178 3719
185 1805
1414 934
1414 3379
987 3381
988 1871
952 1810
951 330
3409 938
3409 1805
3093 1958
3097 2049
930 3432
930 1957
18 3418
18 2052
675 2050
675 3470
2343 2036
2342 675
1486 1376
1487 3377
791 666
791 564
3272 585
3272 3376
4022 3718
4022 1958
3132 2342
3131 3419
441 2049
130 3433
1188 1034
1187 933
1607 3379
1607 330
105 4023
65 1035
2417 3093
2416 3401
154 986
153 676
2509 666
2508 3468
2974 3096
2974 3401
2661 2974
2661 2038
3053 1035
3052 933
460 3651
460 3835
3685 3976
3685 3591
795 3839
795 460
3331 3603
3331 3976
2307 3976
2306 3839
3243 3835
3243 3984
1715 797
1715 3976
1255 3243
1255 3603
3502 3331
3534 3618
1893 3651
1877 3976
3869 1717
3869 1872
2765 3243
2765 3617
1929 1408
1931 3614
1431 3591
1428 795
1119 1929
1122 795
1130 3331
1129 1120
3665 3619
3662 1430
2042 1430
2042 1933
1236 1872
1235 3502
1276 1933
1277 3603
4102 3698
4102 3662
3993 3665
1364 3591
2142 3332
2142 3619
1223 3834
1223 2359
4027 3840
4029 2305
31 1885
30 1716
1466 795
1464 2306
2981 3332
2981 3619
1065 29
1065 1464
1168 1467
1168 2142
2420 3698
2418 3669
1453 1065
1453 795
1777 1255
1776 30
1652 2765
1652 1464
978 3534
979 3244
2746 2359
2749 1070
519 2359
519 1430
3396 3603
229 3502
2821 1464
2818 31
343 3976
343 3669
3864 1170
3864 1715
691 2821
691 4028
282 256
280 256
673 281
674 280
2819 256
2820 281
3139 2819
3141 279
3481 2819
3482 256
1325 2819
1321 183
345 3479
360 3482
377 1322
382 3479
2211 673
2211 3480
1603 279
1603 379
3342 3483
3312 2820
880 1532
879 379
3883 1602
632 360
2629 281
2649 1602
1204 2629
1205 380
1636 382
1636 628
480 1535
480 256
1093 3313
1096 673
1861 1093
1861 371
3440 3484
3444 2629
2045 360
2045 1532
1189 1533
1197 480
415 880
415 1536
1787 1860
1790 882
3708 480
3671 480
993 2044
993 377
2899 3437
2899 281
3710 673
1901 1204
2903 631
2904 360
2386 345
2386 3343
3551 2044
3551 3482
2497 365
2500 2649
811 1325
811 1790
2643 879
2643 880
195 1536
195 3708
2882 3551
2882 3690
971 256
970 3343
715 811
715 1198
841 3312
841 280
831 354
830 280
575 2820
575 993
3507 2048
3507 2046
3791 2047
3666 2046
1830 2048
1830 4089
2242 1828
2242 3829
1310 2242
1310 3802
2872 1310
2873 2046
404 2046
4003 3507
1206 404
1207 2869
1496 3666
1496 1331
3529 1530
3529 3827
713 1530
713 3529
2938 2239
2927 3507
2287 2046
2287 3828
1856 1530
1856 404
667 1530
668 2242
3411 2926
3410 1331
1674 667
1743 2872
1027 1331
1026 2048
3238 2873
3239 2287
1565 3682
1565 1530
1634 1855
1635 1530
1055 3410
1058 1743
3009 1634
3009 3987
103 1025
103 1027
849 103
850 2938
49 1496
577 851
2411 1206
2480 2927
2878 2927
2878 3827
3267 2276
3266 1635
842 3267
843 851
2736 713
2735 1829
699 1830
700 2939
3080 698
3081 1310
567 2735
567 698
1937 44
3714 1830
1700 2412
1699 1938
2246 1828
2245 1568
654 3828
654 1566
1387 2412
1386 49
3824 2287
3824 667
1848 54
1848 1743
3487 170
206 4098
1005 4000
1004 207
2710 1005
2710 3490
1500 207
1498 3490
1781 4092
1483 1004
2319 1484
2319 1778
931 1006
932 3406
157 207
157 1485
361 1485
363 1006
1758 806
1768 1006
224 361
222 2318
2475 3486
2474 1485
107 1758
60 4093
1008 1755
1008 3465
2763 1483
2764 224
2831 1498
2832 1500
3157 2473
3157 1500
3941 4098
3941 1768
1458 3464
1458 1500
3989 206
3989 224
230 4093
230 804
2308 1770
2309 932
1570 2319
1570 3452
52 1757
533 467
1012 1498
1011 1765
422 1759
422 203
603 1782
603 2319
2877 206
2877 2763
3680 1011
3695 2229
2400 1754
2400 60
944 4091
945 60
526 3453
526 207
2714 2318
2714 170
428 1755
428 1768
2463 1485
2463 2474
1509 1570
1510 3939
3755 2229
3755 931
1740 4
1739 4
2442 5
2442 1739
2314 55
2315 561
1105 2314
4072 2438
3786 4071
3807 709
3935 2438
3934 2313
1040 2313
1040 560
2340 5
2339 4071
2393 1219
2394 1108
1718 561
1719 4
2843 1045
2843 4070
135 3786
133 3935
1991 2314
1991 709
2286 1040
2293 1719
892 3807
895 135
3953 2286
3955 1102
1269 2294
1268 2293
1433 134
1434 1105
4052 709
4063 3934
1370 1437
1371 2337
1246 1438
1246 3800
3742 2314
3742 135
2027 1438
2027 1268
3489 2292
3423 1267
3706 2438
3692 1105
409 562
407 2337
3509 2393
208 4
3838 2437
3838 2313
2205 3692
2203 2842
1970 2440
1970 201
625 201
624 4057
3158 2027
3158 408
3007 1246
3008 3838
4016 4052
4016 201
3098 408
3098 2204
1478 2566
1478 2567
2362 2565
2363 1478
3230 2563
3231 2364
2119 1479
2120 1478
1909 2117
1935 3228
2164 1907
2162 3231
180 3228
184 2567
3580 2363
3580 2364
3897 3228
3931 2119
132 2163
131 3932
1853 2566
1852 2119
3924 2563
3895 3931
2837 2565
2837 2363
3974 2364
3650 1852
477 3228
472 1478
3262 1853
3524 472
800 2160
801 477
3128 3262
3120 2567
2344 3128
2344 2162
1345 2117
1341 3933
3532 1477
3532 472
2243 2834
2244 180
3356 663
3355 3975
1866 1341
1866 477
642 3580
643 1343
87 2565
101 1908
3886 3262
7 2120
3557 2119
3558 184
3071 641
3071 1935
2539 3228
2539 7
248 3931
248 3119
1694 2164
1724 2117
3375 2300
3375 370
325 3923
4060 2540
3739 1478
3731 3356
3099 2243
3100 477
214 2162
217 1909
2238 1345
447 3933
2758 2837
2761 1866
4088 801
4088 3558
2528 2300
2528 2362
3175 1287
3175 1284
1529 1287
1683 3172
2092 1284
2093 1287
2744 1681
2106 2091
2582 2743
1749 2110
1897 1750
1895 3172
799 2782
433 1897
3151 1528
3152 1284
1172 1894
1173 3167
650 1284
647 2106
2701 3150
2701 3175
3500 3175
3499 2743
2608 3175
2605 2744
1071 1527
1080 2106
2686 650
2689 648
1589 802
1589 1284
1002 2109
1101 1071
265 1101
265 1681
1605 1038
39 1997
915 781
912 1997
1209 1897
1209 2091
1319 3150
1320 1210
2426 2111
2425 2109
3688 2106
3688 1071
3247 3151
3246 265
2966 3150
2966 3153
3297 913
3298 1210
3722 3150
3722 3172
3594 2092
3595 2784
2079 1751
2079 3152
2449 1320
2448 2090
402 1172
391 1682
470 1680
468 1897
92 3307
92 1287
2086 2106
2086 2111
991 64
991 3722
3528 64
3528 648
607 259
607 258
3572 259
3573 259
1380 258
1383 604
2616 604
2616 605
2611 1380
2611 3488
2169 3573
1976 2611
3607 1972
3395 605
1913 2170
1911 1380
1640 1974
1642 1972
1194 1639
1150 1641
3031 2610
3031 2610
1030 1911
1030 1147
2875 2125
2874 1975
1426 1640
1427 1147
3565 1975
3566 2171
2694 301
2694 2610
1259 3395
1259 1976
503 2170
500 2875
1211 607
1211 2874
2269 1911
2269 1203
1747 2126
1747 1971
3992 2269
3992 503
4086 1974
4082 1427
3702 1193
3704 1976
3793 4086
3801 1380
1291 503
1291 3608
70 3572
110 3030
2886 2610
2886 1911
1597 1150
1595 1913
2397 2886
2397 3589
670 1194
670 3704
3646 2694
3645 500
1354 3572
1354 2606
2020 1912
2020 4083
4018 3644
4018 2170
865 2171
865 1976
743 1595
743 259
1795 605
1795 2146
3089 500
3089 3566
1697 1597
1697 2172
839 1383
840 1595
260 1537
261 1537
1115 261
1116 260
2946 261
2945 1109
2235 1115
2237 2944
1616 1114
1615 2237
2504 1615
2504 2946
3881 2504
3881 2945
887 2502
888 3881
4078 2502
4077 887
1220 2946
1230 2945
3112 260
3180 1109
1275 3113
1288 2236
552 2945
552 3112
1869 3180
1867 3880
3643 1615
3643 552
3518 2234
323 3112
2455 3118
2456 168
3559 3879
3559 2458
3305 4077
3304 1867
3942 4078
3894 3880
3615 3115
3616 4078
941 3893
941 3943
3075 1275
3075 3112
4010 2455
2956 572
2898 2235
2906 4010
2936 1336
2936 2501
3969 3182
3969 1336
2131 3115
2131 4077
2355 3615
2355 2455
3919 1231
3916 3112
2794 3943
2794 1616
2272 3894
2272 1288
1788 2504
1789 1537
1847 3306
1847 3643
2598 2456
2598 1220
158 572
158 1869
2562 888
2562 1288
1439 2128
1439 2235
1330 2455
1330 3880
1373 1378
1372 1351
2531 1378
2531 1375
494 1377
494 1372
14 1375
438 1377
2524 1375
2524 14
2813 13
2813 2511
2341 13
2346 1375
1461 1375
1593 2347
3762 1353
3762 2511
1978 2524
1977 1378
3758 2346
3758 1978
2262 1352
2262 2347
3168 704
3169 704
639 3171
639 3170
2433 3168
2431 3169
1791 3171
1791 3178
1471 2433
1457 2432
1018 3170
1017 1794
3108 1017
3109 1457
3756 3170
3756 3178
872 1791
872 1471
401 1456
401 872
3398 3109
3398 3176
3733 703
3733 3398
1106 1022
88 1021
775 118
778 1019
1964 463
1965 1020
3877 1019
3878 1965
3841 778
3842 3877
2410 3882
2410 141
1488 3842
1489 3877
2199 1022
2199 1106
2751 2199
2752 3841
3967 3902
3966 3903
1592 3904
1592 3966
3251 3967
3251 3957
191 3958
189 3903
788 3251
788 3902
858 3902
857 3966
1450 859
1775 3966
3210 191
3210 1450
1491 788
1491 191
2631 1491
2630 3903
964 3254
965 1592
3383 857
3382 3904
1670 3900
1725 3963
3759 1725
1701 3961
3773 3960
3773 3961
1125 3968
1125 3960
3797 3968
3797 3900
3044 3790
3044 1124
854 3963
854 1670
1000 1670
999 3963
1270 3790
1271 3790
2258 3968
2258 3938
1696 2258
1696 1670
1174 1474
1175 1475
2772 1175
2772 1171
349 1476
349 2772
482 1174
485 1175
3631 485
3631 1171
3372 1174
3371 1476
2692 1474
2691 3384
1118 3371
1118 3371
520 3372
520 1174
1514 482
1517 1171
3066 1516
3066 1118
2466 1175
2466 3625
2768 2634
2767 2632
2478 2769
2477 2767
2683 2477
2684 2632
2061 2632
2061 2768
1802 2767
1808 2766
1228 2635
1229 2478
4006 1804
3986 1808
3222 2684
3223 1803
3597 2061
3592 3223
2964 1804
2961 3985
3045 2561
3046 2557
3402 2558
3402 3046
3252 2560
3252 3046
1858 3046
1858 2560
1313 3253
1311 2580
1326 2560
1327 3045
1258 2579
1143 1327
434 3982
765 1143
2648 1314
2647 2559
2798 3252
2801 434
862 1792
864 1793
2675 1792
2681 862
151 2675
3977 1793
199 144
199 864
601 2675
600 144
1191 174
1191 144
91 144
538 1191
442 1792
1436 599
2371 549
2369 1192
1155 2675
1156 144
266 171
3601 1793
2428 3610
2428 549
1990 549
1989 864
338 599
344 600
2179 1990
2181 2369
3020 549
3020 3600
634 863
640 344
25 2179
25 1191
56 3393
435 338
3605 3978
3605 266
1470 2428
1470 3610
907 2674
907 2178
3687 344
3689 549
742 1793
742 2181
919 1191
920 269
3586 1155
3586 3689
2720 3977
2722 3978
2257 269
2256 3605
937 1155
936 907
2777 601
2770 906
3530 1192
177 2178
336 2181
332 2180
215 2720
215 3689
1737 1158
1736 332
1526 919
1771 3605
1410 2180
3082 1735
2033 2676
2032 138
658 906
658 199
3135 174
3135 344
1350 2770
1350 3135
661 1410
661 919
2023 3020
2021 25
1846 1410
1846 2770
2201 336
2201 56
3896 1283
3956 1280
1660 1280
1660 1280
1865 1283
1863 3956
239 2006
231 1283
2847 231
2847 2000
928 3946
927 3596
808 1863
809 231
2590 19
2591 3946
2530 1865
2530 928
2149 2590
2019 40
1460 1865
1460 3596
3670 1865
3707 2151
128 1862
121 1863
2430 2148
2430 19
3910 508
3912 2000
2375 3946
2380 1863
652 2151
652 1280
3663 653
3663 2591
2699 3896
2699 2847
613 2019
621 2148
692 619
693 2847
411 239
411 2148
1442 510
1445 240
67 2378
102 121
2992 2149
2992 2430
78 2378
78 3596
2934 3956
2934 2380
4037 2992
4038 2147
241 652
242 240
3627 1459
3626 2700
3569 3910
3570 3956
3025 239
3024 242
2329 4038
2335 128
2157 121
2158 927
1702 3956
1702 614
36 128
37 610
145 3946
145 2157
1979 612
1979 712
3311 4038
3308 1442
2829 411
2829 1863
3715 611
3715 693
1497 20
1497 692
816 1660
816 611
1480 3707
1480 1864
2651 2816
2651 2815
3574 2656
3575 2654
3279 202
3274 2652
961 2655
960 2816
2575 2816
2575 2816
3018 3574
3018 2573
1420 3279
2356 2654
106 2185
2321 202
2848 3575
2849 960
2077 2185
2078 961
528 106
528 2654
374 114
378 2349
146 1420
149 2327
2392 373
2395 2185
15 1421
15 3575
1217 378
1217 2350
1745 2322
1745 2849
966 2326
967 389
517 1746
517 1746
827 146
827 1746
2221 389
2220 2849
917 976
917 2321
1473 2574
2291 1420
2017 1473
2018 2322
3535 2575
257 3018
3735 114
3735 3274
1650 3018
1650 3017
2406 2220
2405 2651
3606 252
3775 249
2603 2353
2603 961
3088 3574
3088 977
2738 389
2741 2221
3684 1746
3668 2221
3914 2654
3915 2321
2080 2321
2080 3279
792 825
792 149
342 579
342 792
1260 181
1260 2655
2973 528
2973 2327
3771 827
3771 1421
3191 528
3186 249
1355 202
1355 2221
2105 2392
2105 1746
1176 2352
1176 3019
1649 2848
1649 3185
3344 245
3344 3456
939 3346
940 3349
2489 939
2489 3397
2909 2489
2910 245
350 3358
331 245
1892 350
1890 3344
1134 331
1134 3843
3460 3456
3460 339
3804 3347
3804 3846
1382 1134
1382 1890
2839 1890
2839 1381
2493 331
2535 1382
735 3809
803 3349
1031 3460
1029 2909
3749 3460
1685 331
2644 1884
2360 803
3863 3743
3863 3744
2446 803
2446 3350
3055 2838
3054 3863
150 245
3815 3747
2759 2492
2760 3746
2975 2525
2976 3463
1448 2644
1447 1685
2404 2492
2404 2759
3653 3844
3676 1448
2013 2839
2012 350
2967 1892
2967 3746
2064 3751
2063 2496
3202 2496
3201 940
1506 1031
1505 940
318 1881
314 1883
3694 939
3696 2527
2824 3348
2825 317
1463 3743
1462 2496
3166 1891
3166 2976
2790 1892
2790 3202
213 2525
3540 2489
2316 3749
2316 212
1948 3347
1948 3358
818 516
817 761
3023 761
3023 817
903 516
902 3022
2688 817
2688 902
2518 902
2513 3022
1183 3022
1183 2687
3726 1185
3726 1183
2200 3724
2197 1184
1068 1941
1067 2518
2490 903
2490 1185
1053 3723
1053 763
540 3724
540 1053
1406 1186
1409 2197
3248 2491
3249 2512
2278 1409
2277 2516
2716 2277
2715 761
2088 3022
3768 2519
949 1053
946 2195
2672 2097
2671 2687
2247 2196
2247 949
3865 1053
3861 1409
3060 904
3060 1397
3511 1941
3512 946
2941 2088
2943 3768
1704 2941
1703 2277
243 1405
244 2672
3921 2097
3921 2518
890 3727
889 1052
220 3060
220 1112
953 2198
953 2247
3212 2513
3212 1406
1654 516
1656 2513
3335 3023
3334 2512
994 3334
994 1703
1545 516
1544 2941
1016 902
1015 3250
2922 1654
2925 996
396 1406
394 901
2680 3061
2680 3061
2850 776
47 45
481 295
483 773
3390 295
3388 771
2402 771
2401 295
716 3390
716 47
1401 2194
1402 2402
3866 3390
3873 2401
3001 2402
3001 3874
2823 295
2822 717
1774 2999
1774 483
3555 771
3555 3388
3549 1401
3552 2853
233 1401
234 2402
112 717
112 48
507 3867
507 2823
3998 483
3998 112
3858 45
3856 234
2274 717
2271 509
1841 2274
1841 3868
3926 1401
3930 295
689 3556
694 112
596 483
596 1107
557 3389
557 47
1216 444
1214 3001
751 1107
752 3998
3136 3857
3138 532
2617 3926
2620 1215
218 1675
218 2401
1398 695
1398 3857
705 751
705 1401
1525 2850
1523 3999
1243 2823
1240 507
303 3930
303 1107
1969 483
1969 3136
2792 3866
2792 80
860 234
860 1675
2584 695
2581 129
2058 690
2059 2584
2482 717
2482 120
2840 218
2841 2792
3351 76
3351 1404
1960 461
1960 511
3143 511
3146 461
3179 511
3183 512
3208 1961
3208 512
2388 3130
2388 1960
2657 3227
2650 511
3820 3208
722 3227
2543 462
2544 3183
1844 3144
1844 723
3050 721
3051 512
1772 3146
1772 1844
68 2388
68 461
3504 3183
3503 3184
11 3208
437 2544
1338 2543
1340 3143
3013 1338
3006 3227
3905 721
3908 3183
2709 3208
2709 437
2814 3145
2817 68
3310 2389
3310 2387
499 3179
498 97
886 721
876 2543
1850 2389
1849 2389
2932 2544
2932 1849
3203 1849
3233 3503
2011 498
2011 97
3164 3193
3165 3227
3327 1340
3330 499
2604 1850
2601 721
1323 1849
1323 1773
3160 1844
3160 2010
2225 511
2225 3309
3622 723
3623 511
2712 1851
2712 3165
2429 1850
2429 1340
2796 2814
2796 1323
2852 2544
2852 1323
566 3013
563 2817
2577 3183
2576 3329
706 3909
706 3145
3812 2537
3783 1339
3538 2712
3538 563
758 4095
759 501
2487 501
2486 4096
3510 2484
3510 4094
4050 4097
4045 759
686 4097
686 3510
1637 4049
1637 2486
3485 4094
3485 227
1151 1638
1152 4094
3712 4095
3711 235
2331 235
2333 4050
2806 227
2806 501
1392 2487
1392 232
4002 2484
4007 2332
2231 1391
2231 2485
431 2331
550 3711
1956 686
1956 2332
2469 4050
2470 758
727 4048
727 4007
3065 1956
3064 2460
925 2468
925 685
814 3064
813 2330
1561 1920
1726 2486
1126 925
1126 4095
2494 1151
2494 4049
2799 2470
2799 4097
2857 501
2854 232
1072 3065
1091 501
2589 501
2251 1637
3451 4046
3451 759
2980 1956
2979 2495
2859 1126
2860 235
225 235
225 501
2444 1090
2444 2330
672 1126
672 1091
353 1126
347 726
3314 2332
3314 2806
1043 3711
1042 2857
1482 814
1482 1042
471 227
469 686
2585 1091
2588 3510
1082 4049
1082 3531
3394 1726
3392 685
1954 353
270 232
4090 271
4087 268
2283 271
2288 4090
3945 271
3948 4090
954 3949
954 4087
1915 3948
1916 4087
2122 2284
2112 1916
2436 3948
2436 2101
179 2288
179 3948
1902 1914
1904 179
2224 1903
2227 179
283 2112
288 2283
3763 2122
3763 2227
3697 3949
3664 1903
2552 3947
2450 2114
3258 2121
3257 2447
1711 2288
1711 2447
1657 1904
1657 3664
2810 1902
2810 3697
4041 2114
3830 955
3224 3258
3226 2451
3206 284
3206 3225
2983 1903
2986 3830
588 2122
587 288
3641 1710
3641 2435
61 587
61 3641
2695 1658
2695 3830
1075 2283
1074 268
1237 3945
1237 116
254 2114
254 3226
2215 3207
2223 1915
1502 2122
1501 288
905 268
905 2114
878 2112
877 2215
1721 1658
1723 2451
1049 2435
1050 2450
3242 4087
3241 588
1148 1075
1148 1074
1177 1914
1178 2284
1554 98
1555 1075
312 98
312 255
3542 61
3542 61
1138 1722
1138 1074
3063 1502
3062 3258
228 2215
228 3664
2546 954
2546 285
1348 1138
1348 430
3284 3587
3284 3447
3214 3588
3215 3587
448 3448
3004 3214
2865 3588
2862 3215
798 3003
794 3215
3635 449
3635 3004
465 2865
465 449
2595 3635
2594 3005
2977 796
2978 798
1632 2862
1622 3630
578 3216
50 3216
2467 2865
2467 1624
3340 1623
3339 3283
367 3629
366 125
1419 3587
1417 1625
2002 1629
2001 794
3275 3632
3276 2001
1888 3629
1887 1633
911 143
911 1622
2809 796
2809 3447
475 3005
474 1419
2739 3448
2739 2594
3236 108
3236 1419
3760 100
3760 3448
2828 3003
2828 1629
3837 3214
3837 367
2894 1999
2894 3214
2186 3628
2191 475
1388 3816
1389 3588
3187 3636
3187 3338
597 1629
597 3635
929 3216
929 1632
1522 1625
1522 2828
756 1889
755 1622
1153 911
1154 1888
852 1625
852 3588
1552 2865
1552 366
3624 756
3624 1624
2923 3340
2923 2828
274 1154
273 125
388 3634
384 2186
3821 1888
728 2740
83 3628
83 3087
908 3337
909 3336
1077 909
1077 3337
3102 3337
3101 1078
3361 3336
3361 1078
1081 3336
1081 3101
2728 3102
2728 3364
3059 3103
3057 3102
2678 3337
2678 1084
2421 3364
2415 3361
1520 3057
1519 3361
2459 3337
2459 2415
687 3101
687 2459
1659 897
1659 897
3642 897
2190 896
2729 1659
2731 1659
2014 2190
2014 2189
3782 2014
3780 2014
2659 2729
2659 2014
2963 2729
2963 3782
2725 3787
2726 3642
3506 2731
3505 896
2545 2016
2548 897
1202 2189
1202 2725
871 3278
869 3527
3887 871
3887 871
2718 3527
2733 3892
2069 2719
2069 3278
570 869
569 3277
2004 3959
2004 570
2376 870
2376 2069
1610 3887
1610 2733
2609 3887
2612 2069
3154 3890
3154 569
910 868
910 571
3073 1599
3072 1612
545 1599
546 1611
2856 3073
2855 1611
2031 2856
2030 3072
1662 1612
1663 3073
399 2856
399 1662
289 397
286 2030
3648 546
3648 1663
1100 1104
1100 2031
956 1601
957 2855
4061 1104
4062 1664