0.03334701666666651 1.1072866666666668
0.13856599999999997 1.28065
0.1822693333333334 1.0176016666666667
0.18788045454545432 1.4686418181818182
0.29204533333333327 0.9308163333333334
0.34299766666666665 1.1766733333333332
0.41569849999999997 1.4133125
0.5002049999999999 0.8088200000000001
0.5161536666666667 1.2303166666666667
0.567935 1.64477
0.617023 1.01144
0.6480916666666666 0.6259293333333333
0.727783 1.8846225
0.7328315000000001 1.40647875
0.7552166 1.15973
0.839475 0.85998
0.8528344999999999 0.47255400000000003
0.8779997500000001 1.9593425
0.8929130000000001 1.84641
0.9409646666666667 1.6804000000000001
0.95474025 1.037537
1.0083618 2.0207059999999997
1.0314765 1.3375050000000002
1.0330305 1.87142
1.0540566666666666 0.36681700000000006
1.08865 0.582226
1.11179 1.76159
1.15824 2.0983733333333334
1.1882716666666666 0.8310861666666667
1.1959333333333333 1.9194200000000001
1.2209085714285715 1.5146414285714287
1.2392233333333333 1.1337983333333332
1.292208 1.306126
1.2974275 1.7247750000000002
1.32477 0.25227749999999993
1.3806933333333333 0.822076
1.43195 0.397057
1.43848 1.596305
1.46706 1.06462
1.491605 0.6136055
1.5096859999999999 0.2794934
1.5683433333333334 0.9658203333333333
1.5886433333333334 1.2589
1.58947 1.0685566666666666
1.5936133333333333 0.2492741666666668
1.5945975000000001 0.80887175
1.635952 1.476506
1.7187185714285715 0.9824792857142857
1.8009466666666667 0.056337700000000046
1.8077275 0.2791515
1.8113016666666666 0.8435135
1.83274 1.22193
1.9353699999999998 0.6904485
1.9407533333333333 0.4169413333333334
1.9816599999999998 1.0581968333333334
2.0176 1.64602
2.02816 1.41673
2.0927825 0.81011475
2.142805 1.178125
2.15409 1.0337566666666667