0 0 1 0 0.20279516709760304
0 0 2 0 0.17384261740541937
1 0 2 0 0.26665409618809327
1 0 3 0 0.19435235818075744
1 0 5 0 0.22935442779074977
2 0 4 0 0.13993735833499843
2 0 5 0 0.22613578282134417
3 0 5 0 0.3306160093537171
3 0 6 0 0.2344406007610335
4 0 5 0 0.25108127114763273
4 0 7 1 0.24127484778475258
5 0 6 0 0.2475550572459702
5 0 7 1 0.4000377738391989
5 0 8 1 0.18127495013683262
6 0 8 1 0.20875515688813265
6 0 9 1 0.27703524367578225
7 1 8 1 0.42179829300218313
7 1 10 1 0.2338831108139276
7 1 11 1 0.2352008973867991
8 1 9 1 0.4176755582900308
8 1 10 1 0.24100128136219998
8 1 13 1 0.27925322390684776
9 1 12 1 0.288237063647703
9 1 13 1 0.28978194481163344
10 1 14 1 0.20270025944966133
10 1 15 2 0.2691189772275452
11 1 15 2 0.3023363935170374
11 1 16 2 0.2558195080060788
12 1 17 3 0.1677741052146085
12 1 18 3 0.1694936932639384
12 1 19 3 0.2952172971033841
13 1 19 3 0.3440236420193487
13 1 22 2 0.3065064668388946
14 1 15 2 0.3113672116176653
14 1 20 2 0.23396755364435146
15 2 16 2 0.3876562674796448
15 2 20 2 0.21168978744040176
15 2 25 2 0.37314268737441436
15 2 28 2 0.3499913831546031
16 2 24 2 0.22731184202990345
16 2 25 2 0.26007094728986935
17 3 18 3 0.11391292543786448
17 3 21 3 0.14408241812397674
18 3 19 3 0.17282442758315283
18 3 23 3 0.1423320550903765
19 3 26 3 0.18913780851126633
19 3 22 2 0.3546397792103433
20 2 22 2 0.30962760388580124
20 2 28 2 0.3117031747582434
20 2 31 4 0.3003279357601477
21 3 23 3 0.15131045752257136
21 3 27 3 0.16880666308635786
21 3 29 3 0.21317113761721504
22 2 28 2 0.5301365475466886
22 2 30 4 0.25934884617587994
22 2 31 4 0.29095558562171026
23 3 26 3 0.13515061132029718
23 3 29 3 0.16982736265993117
24 2 25 2 0.21816905369944448
24 2 34 5 0.2939472842274521
25 2 28 2 0.26805943188555326
25 2 36 5 0.39005441743556774
26 3 30 4 0.26998233194271143
26 3 33 4 0.1892528087803453
27 3 29 3 0.1828799685282368
28 2 31 4 0.3069702398997968
28 2 35 5 0.19263250220598524
29 3 33 4 0.21951706515066452
30 4 32 4 0.22036853783364554
30 4 33 4 0.22363198400731038
30 4 37 4 0.2323924814383667
31 4 32 4 0.18028921099321377
31 4 35 5 0.34232232471572416
31 4 38 6 0.23810751454029241
32 4 38 6 0.29815829678209527
32 4 42 6 0.300173619634445
32 4 46 6 0.3836525536680293
33 4 37 4 0.19078875400885142
34 5 36 5 0.180135104908094
34 5 40 5 0.1869080850814377
35 5 38 6 0.2574622167369633
35 5 39 5 0.23613840681479115
36 5 39 5 0.2246151639521473
36 5 40 5 0.14094000759528846
37 4 46 6 0.23096967589924014
37 4 42 6 0.36931173918896476
38 6 41 6 0.14149094580415936
38 6 42 6 0.22918818761979085
38 6 43 6 0.12247328461523527
39 5 45 6 0.2207631387829782
39 5 52 7 0.4503689841385614
40 5 44 5 0.08920201423566008
41 6 43 6 0.10488608216165866
41 6 47 6 0.15129518474370027
41 6 45 6 0.1591293155823319
42 6 46 6 0.22268920310104362
42 6 47 6 0.3054962828771528
42 6 51 6 0.24688046414768777
43 6 47 6 0.15528846939791727
43 6 51 6 0.2875824617006013
44 5 48 7 0.2832165095486648
44 5 49 7 0.2161886477465276
44 5 50 6 0.6328574845491588
45 6 47 6 0.213414190787219
45 6 52 7 0.3607630287277402
46 6 51 6 0.3217677061483953
46 6 55 8 0.4176005173607904
46 6 56 8 0.3967370482322014
47 6 50 6 0.16698239165569204
47 6 51 6 0.26521223717130427
47 6 54 8 0.27362628140700634
48 7 49 7 0.22291695577307352
48 7 53 7 0.3867568802460346
49 7 50 6 0.5643733176819765
49 7 53 7 0.19152522158727708
50 6 52 7 0.19703260024958075
50 6 54 8 0.2740636702432888
50 6 57 8 0.2834553510441996
51 6 54 8 0.22132717019537917
51 6 56 8 0.27592755643465566
51 6 58 8 0.313144027964769
52 7 53 7 0.27356014054647204
52 7 57 8 0.1977339286650438
53 7 57 8 0.4215426468231908
54 8 58 8 0.20087427955073764
54 8 59 8 0.174153457176981
55 8 56 8 0.22953304271934358
56 8 58 8 0.2647183825313232
57 8 59 8 0.23189289865493995
58 8 59 8 0.1448087252013651