5 7 8 13 22 31 38 42 51 54 
12 9 13 19 26 23 29 33 30 32 31 38 42 47 54 58 
6 8 10 14 15 25 36 39 52 53 49 
26 33 30 32 31 38 42 47 54 
21 29 33 30 32 46 51 54 58 
7 11 15 25 36 40 44 48 53 52 
0 2 4 7 8 13 22 28 25 36 39 52 
7 10 15 20 31 32 30 37 46 51 47 50 54 
8 7 11 16 25 36 39 52 
19 22 31 32 38 42 47 50 52 53 49 
2 5 6 8 10 15 20 31 32 46 51 47 50 57 59 58 
18 23 29 33 30 32 42 47 54 
11 15 25 36 39 52 53 48 
0 2 4 7 11 15 20 22 30 37 42 46 55 56 
6 8 10 14 20 28 35 39 36 40 44 48 53 52 
29 33 37 46 51 47 50 49 
14 10 7 11 15 20 31 32 30 37 46 51 56 55 
26 30 37 46 51 47 50 57 59 58 
7 10 15 20 22 30 37 46 51 47 54 59 
2 5 8 10 14 15 28 31 38 42 51 54 
27 29 33 30 32 42 47 50 49 53 52 
17 21 29 33 30 32 38 42 47 54 59 
0 2 4 7 11 16 15 28 31 32 46 51 54 
4 7 11 16 15 28 35 39 36 40 44 48 49 
11 15 28 31 32 46 51 47 54 58 
10 8 13 22 28 31 38 42 47 50 54 58 
1 5 7 10 14 15 28 31 32 46 51 47 54 59 57 
10 15 20 31 32 42 51 56 58 59 
10 14 15 28 22 30 32 31 38 42 51 56 58 
12 9 13 19 26 33 37 46 51 47 54 58 56 
0 2 5 6 8 10 15 25 24 34 40 44 48 
26 30 32 46 51 47 45 52 53 49 
3 6 9 8 7 11 15 28 31 38 42 47 50 54 59 
2 4 7 10 15 20 31 32 30 37 46 51 56 58 54 
0 2 4 7 10 15 25 24 34 40 44 49 53 52 
14 10 15 28 31 32 42 51 54 59 57 
26 23 29 33 30 32 31 38 42 47 50 54 58 56 
6 8 10 15 28 22 31 38 42 47 50 57 59 54 
10 8 13 22 28 25 24 34 40 44 48 53 52 
1 3 6 8 10 15 20 31 32 30 37 46 56 58 59 57 
17 21 29 33 30 32 38 42 47 54 58 
27 29 33 30 32 46 56 58 54 
4 5 6 8 10 15 28 35 39 36 40 44 49 53 
23 26 30 32 46 51 47 50 52 53 49 
14 10 15 20 31 38 42 47 50 52 53 
13 8 10 15 28 22 31 32 30 37 46 55 56 58 59 
18 19 26 30 37 46 51 47 45 52 53 
14 15 28 35 39 36 40 44 49 48 
8 13 22 28 25 36 39 52 53 49 
7 11 16 15 28 31 32 30 37 42 46 55 56 58 
5 7 8 13 22 30 32 31 38 42 51 54 
10 8 13 22 20 31 38 42 51 56 58 59 
27 29 33 30 32 31 38 42 51 56 55 
21 23 26 30 37 42 46 56 55 
13 22 20 31 35 39 36 40 44 48 
11 7 10 14 20 22 30 37 42 51 56 
5 6 8 7 11 15 25 36 40 44 49 
26 23 29 33 37 42 46 56 58 59 
17 21 29 33 37 42 47 50 49 53 
2 5 8 7 11 15 25 36 40 44 49 53 52 
19 22 30 32 31 38 42 47 50 49 53 52 
11 7 10 15 20 31 32 42 47 50 57 59 58 56 
8 13 22 28 35 39 36 40 44 48 49 
21 29 33 30 32 31 38 42 47 50 49 48 
19 26 23 29 33 30 32 31 38 42 47 54 58 56 55 
19 26 33 30 32 38 42 47 50 57 59 58 56 55 
1 5 6 8 10 14 15 28 35 39 52 
26 30 32 46 51 47 50 54 59 57 
27 29 33 30 32 31 38 41 45 52 53 
6 5 8 10 14 20 28 25 36 39 52 
3 5 8 10 14 20 28 31 32 38 42 46 55 56 58 59 
11 7 10 15 28 22 30 32 46 55 56 
9 8 10 15 28 31 38 41 45 52 
5 6 8 13 22 28 25 24 34 40 44 49 
6 8 7 11 16 15 28 22 30 37 46 51 56 
19 22 31 32 42 47 45 52 53 
4 5 6 8 13 22 31 32 30 37 46 51 56 58 
18 23 29 33 30 32 46 51 47 54 58 56 55 
26 23 29 33 37 42 51 58 56 
13 8 7 11 16 15 28 22 31 38 42 47 54 59 57 
7 8 13 22 20 31 38 42 47 54 58 56 
10 14 15 20 22 30 37 42 51 58 54 
4 7 10 15 20 31 32 30 37 42 47 54 58 
2 4 7 8 13 22 28 25 24 34 40 44 48 
26 23 29 33 30 32 31 38 42 47 54 58 56 55 
17 21 23 26 30 37 46 56 58 59 57 
4 5 6 9 8 10 15 25 24 34 40 44 49 
10 15 20 31 32 42 46 55 56 58 59 
26 33 30 32 42 47 50 57 59 
7 11 16 15 28 35 39 52 53 48 
5 4 7 10 14 20 22 30 37 42 46 55 56 58 59 57 
12 9 13 19 26 23 29 33 37 46 51 47 54 58 
6 5 4 7 11 16 24 34 36 39 52 53 48 
14 10 15 28 31 32 42 46 55 56 58 59 
5 8 13 22 28 25 24 34 36 39 52 53 48 
12 9 13 19 22 31 35 39 52 53 48 
14 20 28 25 36 39 52 53 48 
17 21 23 26 33 37 46 51 47 54 59 57 
4 7 10 14 20 28 25 36 39 52 53 57 
23 26 33 37 42 46 55 
