0 1 0
0 2 0
1 2 0
1 3 0
1 5 0
2 4 0
2 5 0
3 5 0
3 6 0
4 5 0
4 7 0
5 6 0
5 7 0
5 8 0
6 8 0
6 9 0
7 10 0
7 11 0
8 10 0
8 13 0
9 12 0
9 13 0
10 14 0
10 15 0
11 15 0
11 16 0
12 17 0
12 18 0
12 19 0
13 19 0
13 22 0
14 15 0
14 20 0
15 16 0
15 20 0
15 25 0
15 28 0
16 24 0
16 25 0
17 18 0
17 21 0
18 19 0
18 23 0
19 26 0
19 22 0
20 22 0
20 28 0
20 31 0
21 23 0
21 27 0
21 29 0
22 28 0
22 30 0
22 31 0
23 26 0
23 29 0
24 25 0
24 34 0
25 28 0
25 36 0
26 30 0
26 33 0
27 29 0
28 31 0
28 35 0
29 33 0
30 32 0
30 33 0
30 37 0
31 32 0
31 35 0
31 38 0
32 38 0
32 42 0
32 46 0
33 37 0
34 36 0
34 40 0
35 38 0
35 39 0
36 39 0
36 40 0
37 46 0
37 42 0
38 41 0
38 42 0
38 43 0
39 45 0
39 52 0
40 44 0
41 43 0
41 47 0
41 45 0
42 46 0
42 47 0
42 51 0
43 47 0
43 51 0
44 48 0
44 49 0
44 50 0
45 47 0
45 52 0
46 51 0
46 55 0
46 56 0
47 50 0
47 51 0
47 54 0
48 49 0
48 53 0
49 50 0
49 53 0
50 52 0
50 54 0
50 57 0
51 54 0
51 56 0
51 58 0
52 53 0
52 57 0
53 57 0
54 58 0
54 59 0
55 56 0
56 58 0
57 59 0
58 59 0